ID,logFC,AveExpr,t,P.Value,adj.P.Val,B,comparison,pass
1273,8.625329222629077,21.32489199566838,19.63651364105499,7.000747921924112e-20,6.580703046608665e-17,34.212341859104974,miscanthus_sinensis_15wks vs miscanthus_sinensis_6wks,TRUE
1684,8.89539482469593,21.38642143880426,17.52302267910189,2.241566515592368e-18,1.053536262328413e-15,31.124405408412596,miscanthus_sinensis_15wks vs miscanthus_sinensis_6wks,TRUE
1090,5.850091525946219,20.724496205733313,14.681863943347409,4.197088706877937e-16,1.3150877948217535e-13,26.32226890056283,miscanthus_sinensis_15wks vs miscanthus_sinensis_6wks,TRUE
4235,5.742155576217691,19.66362894628013,14.05702018818633,1.4688150267899786e-15,3.45171531295645e-13,25.15148951061455,miscanthus_sinensis_15wks vs miscanthus_sinensis_6wks,TRUE
1903,7.883407625786877,21.90060228264945,13.328299520239666,6.6659203201852766e-15,1.253193020194832e-12,23.728459190010007,miscanthus_sinensis_15wks vs miscanthus_sinensis_6wks,TRUE
1746,4.888491716108501,20.03355891612764,9.360774326054955,7.546096449228177e-11,1.0397212336918796e-8,14.771604803696615,miscanthus_sinensis_15wks vs miscanthus_sinensis_6wks,TRUE
395,5.387563433107758,19.96789252322257,9.32076568377542,8.375884596201559e-11,1.0397212336918796e-8,14.670222271119961,miscanthus_sinensis_15wks vs miscanthus_sinensis_6wks,TRUE
2422,6.623596045527478,21.709621042944633,9.299739003715791,8.848691350569188e-11,1.0397212336918796e-8,14.616850735566686,miscanthus_sinensis_15wks vs miscanthus_sinensis_6wks,TRUE
2096,5.9309896460990394,20.032466293370724,9.17748617487018,1.2190850255202826e-10,1.2550117887671539e-8,14.30531891229408,miscanthus_sinensis_15wks vs miscanthus_sinensis_6wks,TRUE
2960,5.800975916328923,19.981142809338206,9.14293099942147,1.3351189242203765e-10,1.2550117887671539e-8,14.216886748933245,miscanthus_sinensis_15wks vs miscanthus_sinensis_6wks,TRUE
1661,4.731204159315929,19.73949100278576,8.953391822442377,2.2044641574833128e-10,1.88381482548574e-8,13.728888644052837,miscanthus_sinensis_15wks vs miscanthus_sinensis_6wks,TRUE
5184,3.952785625769568,19.100991966960958,8.74063041139499,3.8919714221204044e-10,3.04871094732765e-8,13.175228913100732,miscanthus_sinensis_15wks vs miscanthus_sinensis_6wks,TRUE
4770,-3.4546516205787334,19.149501163169504,-8.41305475519924,9.44401162854099e-10,6.8287468698681e-8,12.310856759135909,miscanthus_sinensis_15wks vs miscanthus_sinensis_6wks,TRUE
2490,4.806785893266319,19.479827409473447,8.022913561247186,2.762126648760818e-9,1.8545707498822635e-7,11.263079606276545,miscanthus_sinensis_15wks vs miscanthus_sinensis_6wks,TRUE
5322,-3.9387994714857975,20.179617855730545,-7.241427469216764,2.5007262757864738e-8,1.567121799492857e-6,9.108901736877197,miscanthus_sinensis_15wks vs miscanthus_sinensis_6wks,TRUE
1486,4.823678846306521,19.650403290955243,7.041300935237049,4.442590910733602e-8,2.6100221600559913e-6,8.546601652514298,miscanthus_sinensis_15wks vs miscanthus_sinensis_6wks,TRUE
2733,-4.970783757527947,20.936465777601065,-7.020164954363196,4.7216355275510266e-8,2.610786703469391e-6,8.486989382784678,miscanthus_sinensis_15wks vs miscanthus_sinensis_6wks,TRUE
2151,5.153240742042513,19.847514633773997,6.936736629586839,6.007546435503092e-8,3.137274249651615e-6,8.251283736942227,miscanthus_sinensis_15wks vs miscanthus_sinensis_6wks,TRUE
2678,5.314629786190654,20.175187347480982,6.8466662649012076,7.79718358546828e-8,3.85755398438957e-6,7.9961134160660565,miscanthus_sinensis_15wks vs miscanthus_sinensis_6wks,TRUE
2497,3.583391525090626,18.924951267084587,6.793659622736522,9.093367880380834e-8,4.273882903778992e-6,7.845618984791721,miscanthus_sinensis_15wks vs miscanthus_sinensis_6wks,TRUE
1225,4.115553215988324,19.079075684575894,6.715675643683235,1.1406978156650875e-7,5.105980698691344e-6,7.623789079712377,miscanthus_sinensis_15wks vs miscanthus_sinensis_6wks,TRUE
4237,-3.6144223908902298,20.340077786366173,-6.666837007657431,1.3150260485398698e-7,5.61874766194308e-6,7.484619096965726,miscanthus_sinensis_15wks vs miscanthus_sinensis_6wks,TRUE
2697,5.270511961124829,23.093631192108173,6.50406319177224,2.1152816913761195e-7,8.64506430388501e-6,7.019503779856168,miscanthus_sinensis_15wks vs miscanthus_sinensis_6wks,TRUE
5091,3.3527467096432346,18.727510156817445,6.416748259294477,2.731803592049898e-7,1.06995640688621e-5,6.769259416259637,miscanthus_sinensis_15wks vs miscanthus_sinensis_6wks,TRUE
3854,-3.586626843514427,21.28353572059852,-6.342287556236907,3.399024478295603e-7,1.2780332038391468e-5,6.555481864018607,miscanthus_sinensis_15wks vs miscanthus_sinensis_6wks,TRUE
2152,4.989913313576881,20.021923273201175,6.287052288381943,3.998103603164107e-7,1.445468225759331e-5,6.396695154744218,miscanthus_sinensis_15wks vs miscanthus_sinensis_6wks,TRUE
3519,3.473402631392709,18.940815006092386,6.2431924391673235,4.5487462125089595e-7,1.583637570280897e-5,6.27049328976931,miscanthus_sinensis_15wks vs miscanthus_sinensis_6wks,TRUE
3319,3.3370129280631673,19.665717121207926,6.059807226008834,7.81070572121824e-7,2.622165492123266e-5,5.741841981098372,miscanthus_sinensis_15wks vs miscanthus_sinensis_6wks,TRUE
2308,3.8245930674578226,18.868336084035057,5.94875397470107,1.0844690450112723e-6,3.5151755252089515e-5,5.421070290812048,miscanthus_sinensis_15wks vs miscanthus_sinensis_6wks,TRUE
157,2.6285072225532247,21.203352372117937,5.903450302927934,1.240001803171467e-6,3.871717206564565e-5,5.290106472005383,miscanthus_sinensis_15wks vs miscanthus_sinensis_6wks,TRUE
25,4.693273390773463,19.533384865774316,5.893556896122095,1.2768429085478884e-6,3.871717206564565e-5,5.261499637029506,miscanthus_sinensis_15wks vs miscanthus_sinensis_6wks,TRUE
127,-3.5727740341236114,19.736925856197853,-5.752914994304567,1.9365931730632762e-6,5.688742445873374e-5,4.854620451521558,miscanthus_sinensis_15wks vs miscanthus_sinensis_6wks,TRUE
1451,3.1148556928668683,19.258325549403175,5.704994071202375,2.2321807730698294e-6,6.358333111168605e-5,4.715919848882245,miscanthus_sinensis_15wks vs miscanthus_sinensis_6wks,TRUE
5390,-2.021078786810783,18.01095606330617,-5.559173201382206,3.4400343508970964e-6,9.510683205421385e-5,4.293802497797103,miscanthus_sinensis_15wks vs miscanthus_sinensis_6wks,TRUE
1487,4.561012488537816,19.54303070116014,5.548393279781192,3.5518376376710814e-6,9.539221084030905e-5,4.2625991175092635,miscanthus_sinensis_15wks vs miscanthus_sinensis_6wks,TRUE
2231,3.9848316026048742,19.261355113432483,5.4975574812788395,4.130108481109629e-6,1.0784172145119588e-4,4.1154649802459184,miscanthus_sinensis_15wks vs miscanthus_sinensis_6wks,TRUE
1632,3.4149010028278113,18.81749741114033,5.390783015396517,5.669703398953038e-6,1.4404111337880694e-4,3.806552665307966,miscanthus_sinensis_15wks vs miscanthus_sinensis_6wks,TRUE
337,3.349294592093166,19.0463994488898,5.339453420595129,6.602374960924892e-6,1.6332190692814206e-4,3.6581395968287778,miscanthus_sinensis_15wks vs miscanthus_sinensis_6wks,TRUE
1035,2.842716453474246,18.502037130084346,5.260919576429924,8.334264562836782e-6,2.008771458735019e-4,3.4312258417943378,miscanthus_sinensis_15wks vs miscanthus_sinensis_6wks,TRUE
2224,3.4117901624600506,19.067439443955795,5.252216516405271,8.552160668406089e-6,2.009757757075431e-4,3.4060930862360026,miscanthus_sinensis_15wks vs miscanthus_sinensis_6wks,TRUE
3457,-3.684632624002333,19.542434067060668,-5.2402518463935435,8.861024937586496e-6,2.031552058861294e-4,3.3715463443301035,miscanthus_sinensis_15wks vs miscanthus_sinensis_6wks,TRUE
5045,2.5962201142571715,18.427896143348196,5.184126626815322,1.0465107371202475e-5,2.3344615507507886e-4,3.2095722150913106,miscanthus_sinensis_15wks vs miscanthus_sinensis_6wks,TRUE
3111,3.1283064042632276,18.840111889442937,5.177302457553457,1.0678919859817438e-5,2.3344615507507886e-4,3.1898878619554667,miscanthus_sinensis_15wks vs miscanthus_sinensis_6wks,TRUE
4656,-3.611133829342698,20.626089906395922,-5.076083149010278,1.441247432950955e-5,3.0790286067588585e-4,2.8982056582974858,miscanthus_sinensis_15wks vs miscanthus_sinensis_6wks,TRUE
5263,2.262519349653303,18.241148319255785,5.023869299119718,1.682075111314489e-5,3.5136680103013766e-4,2.747977164743607,miscanthus_sinensis_15wks vs miscanthus_sinensis_6wks,TRUE
1576,-2.6193269610907457,18.95699045370167,-4.81828781777761,3.0867424999802774e-5,6.307691195611871e-4,2.158446377046279,miscanthus_sinensis_15wks vs miscanthus_sinensis_6wks,TRUE
3204,2.1713838412476782,18.44227214123708,4.787199377520836,3.382788060507614e-5,6.765576121015228e-4,2.0696163660299254,miscanthus_sinensis_15wks vs miscanthus_sinensis_6wks,TRUE
2782,1.9415314226732079,17.979769754402195,4.767831737194452,3.5812838152081785e-5,6.984665375241129e-4,2.014324851097075,miscanthus_sinensis_15wks vs miscanthus_sinensis_6wks,TRUE
2385,-3.341623881738684,22.274893521415088,-4.7622184425240714,3.6409425892214395e-5,6.984665375241129e-4,1.998306906270499,miscanthus_sinensis_15wks vs miscanthus_sinensis_6wks,TRUE
3203,4.489218431626991,20.389844828928698,4.729779125192217,4.005518300667746e-5,7.530374405255363e-4,1.9058032711631734,miscanthus_sinensis_15wks vs miscanthus_sinensis_6wks,TRUE
1902,2.6578941045190163,22.872094244843097,4.657206512713284,4.9573191207030347e-5,8.966175210011737e-4,1.6992734860108856,miscanthus_sinensis_15wks vs miscanthus_sinensis_6wks,TRUE
1635,3.643708550895905,19.048760679031403,4.657021468298953,4.960011818304365e-5,8.966175210011737e-4,1.6987476523259035,miscanthus_sinensis_15wks vs miscanthus_sinensis_6wks,TRUE
525,2.3693063209493026,19.781386737295996,4.6455262001304325,5.1301561575484786e-5,9.013998887331501e-4,1.666089970129458,miscanthus_sinensis_15wks vs miscanthus_sinensis_6wks,TRUE
2891,3.1442697728684728,18.548002140353784,4.642344950463911,5.178254679956394e-5,9.013998887331501e-4,1.6570549375157713,miscanthus_sinensis_15wks vs miscanthus_sinensis_6wks,TRUE
2352,3.6116289110854396,18.940560397852806,4.620314368154422,5.523812372228855e-5,9.440697508900224e-4,1.5945198716335591,miscanthus_sinensis_15wks vs miscanthus_sinensis_6wks,TRUE
2363,-4.442001057037611,20.61972601357948,-4.605928861916443,5.7616672651415516e-5,9.671370052201889e-4,1.5537181492354106,miscanthus_sinensis_15wks vs miscanthus_sinensis_6wks,TRUE
1105,3.1819895784210814,19.029251312328704,4.577615678256399,6.259782341750132e-5,0.001032314982674583,1.4734899174810172,miscanthus_sinensis_15wks vs miscanthus_sinensis_6wks,TRUE
934,1.8270603542438977,17.989130219173017,4.557970961043066,6.630177689591881e-5,0.0010745460393476497,1.4178859092363725,miscanthus_sinensis_15wks vs miscanthus_sinensis_6wks,TRUE
3265,3.4240550174229227,19.243788273987647,4.48511338869624,8.202910967742006e-5,0.0013069044592673705,1.2121233413443964,miscanthus_sinensis_15wks vs miscanthus_sinensis_6wks,TRUE
4707,1.9159224686270733,18.22168453522825,4.468674328193242,8.605813332446279e-5,0.0013470805248610841,1.1658008489211067,miscanthus_sinensis_15wks vs miscanthus_sinensis_6wks,TRUE
4901,2.3530565849328298,18.28866855378595,4.463301095293725,8.741692767715546e-5,0.0013470805248610841,1.150668611168757,miscanthus_sinensis_15wks vs miscanthus_sinensis_6wks,TRUE
2612,2.5887295740825884,18.42871263455494,4.450242356466024,9.080811608850685e-5,0.0013767682116644587,1.1139101899646997,miscanthus_sinensis_15wks vs miscanthus_sinensis_6wks,TRUE
233,3.3225783193957206,21.804834331368347,4.4413979408709885,9.31782792556331e-5,0.0013902790873062717,1.0890290462286787,miscanthus_sinensis_15wks vs miscanthus_sinensis_6wks,TRUE
3008,2.4124172049129697,18.300704544854845,4.40128890329549,1.0471547539563687e-4,0.0015380085448734166,0.9763452502226224,miscanthus_sinensis_15wks vs miscanthus_sinensis_6wks,TRUE
43,2.7216705442209523,18.535955843267956,4.358279708358005,1.1865285927614687e-4,0.0017159028879935086,0.8557978219773208,miscanthus_sinensis_15wks vs miscanthus_sinensis_6wks,TRUE
1810,2.6975976878499814,18.425425695071652,4.3256231434957915,1.3044117473900063e-4,0.0018577985493130392,0.7644714606251242,miscanthus_sinensis_15wks vs miscanthus_sinensis_6wks,TRUE
5202,2.132492873161606,18.219440783184083,4.2822022338547265,1.479160424603194e-4,0.0020734878167768247,0.6433262785298819,miscanthus_sinensis_15wks vs miscanthus_sinensis_6wks,TRUE
2866,-2.5941648030102336,19.117244199071937,-4.277371746419998,1.499969910008767e-4,0.0020734878167768247,0.6298697334903469,miscanthus_sinensis_15wks vs miscanthus_sinensis_6wks,TRUE
4953,-1.9138325278768917,20.170786128885315,-4.170255211257177,2.0429039425425068e-4,0.0027830865304202266,0.3325841603511339,miscanthus_sinensis_15wks vs miscanthus_sinensis_6wks,TRUE
3032,3.2482754501279807,18.709042028331424,4.109132157273842,2.434797774685244e-4,0.0032695855831487565,0.16395529423235988,miscanthus_sinensis_15wks vs miscanthus_sinensis_6wks,TRUE
4671,-1.3745691391970638,19.589816240077162,-4.081879120970855,2.6324457166163555e-4,0.0034852098219991185,0.08901901274695057,miscanthus_sinensis_15wks vs miscanthus_sinensis_6wks,TRUE
4270,-1.4495317943226311,19.382090622289954,-4.070120459457582,2.7224987246234273e-4,0.00355437333492503,0.056735958206409975,miscanthus_sinensis_15wks vs miscanthus_sinensis_6wks,TRUE
3546,-2.4811108844451866,18.79350516341221,-4.0634416464277,2.77498388294349e-4,0.00357326691776285,0.03841284152603475,miscanthus_sinensis_15wks vs miscanthus_sinensis_6wks,TRUE
221,2.857842243868504,23.91456160949066,4.013491951336481,3.2001719530575575e-4,0.004065083291721763,-0.09830952164449158,miscanthus_sinensis_15wks vs miscanthus_sinensis_6wks,TRUE
4986,-1.4074102648393314,19.21986767110659,-3.98888963272424,3.432389702484907e-4,0.0042646870886919345,-0.16544329143511938,miscanthus_sinensis_15wks vs miscanthus_sinensis_6wks,TRUE
3029,-2.307644684104588,18.9537907441847,-3.9872900973686294,3.448044880219011e-4,0.0042646870886919345,-0.16980318782849668,miscanthus_sinensis_15wks vs miscanthus_sinensis_6wks,TRUE
5283,1.7957858394935968,18.139638372240324,3.96352510176884,3.6890249680954066e-4,0.004503485025986601,-0.23450937511825476,miscanthus_sinensis_15wks vs miscanthus_sinensis_6wks,TRUE
2388,3.318172998138877,19.120577466578755,3.917269445275241,4.206124289753993e-4,0.005029837713406509,-0.3600646712251967,miscanthus_sinensis_15wks vs miscanthus_sinensis_6wks,TRUE
1036,2.279413772164393,18.48282799825165,3.9155037724124617,4.2272040357352574e-4,0.005029837713406509,-0.3648470337240308,miscanthus_sinensis_15wks vs miscanthus_sinensis_6wks,TRUE
5566,-1.2450628560817663,18.253101175586774,-3.907634518170672,4.322412068882834e-4,0.00507883418093733,-0.3861516915799923,miscanthus_sinensis_15wks vs miscanthus_sinensis_6wks,TRUE
339,-2.4386511050021227,21.602544905400933,-3.87374185353509,4.7569216854950356e-4,0.005520378252302881,-0.4777330462686269,miscanthus_sinensis_15wks vs miscanthus_sinensis_6wks,TRUE
2458,-3.1179171324803363,19.23897371933709,-3.840779006460055,5.220199310663151e-4,0.00598413091710166,-0.5665205328513885,miscanthus_sinensis_15wks vs miscanthus_sinensis_6wks,TRUE
1597,2.2088649176374027,18.462532394059533,3.795102998267525,5.935411190553013e-4,0.006722031950746786,-0.6890794858648999,miscanthus_sinensis_15wks vs miscanthus_sinensis_6wks,TRUE
847,-2.2575732299959768,20.24869934058216,-3.7712662048166146,6.345624078415134e-4,0.007089855552667571,-0.7528153424092867,miscanthus_sinensis_15wks vs miscanthus_sinensis_6wks,TRUE
3412,-2.1662208486455334,18.078520379371717,-3.7676041179735855,6.411039595497272e-4,0.007089855552667571,-0.7625933487214169,miscanthus_sinensis_15wks vs miscanthus_sinensis_6wks,TRUE
4902,-2.0650465289857642,18.486090871573506,-3.7631658492470232,6.491198619178991e-4,0.00709503104887006,-0.7744388295889815,miscanthus_sinensis_15wks vs miscanthus_sinensis_6wks,TRUE
1251,2.5131530731997707,18.40690804362094,3.675856855774432,8.281079338973036e-4,0.008842920206387965,-1.0063251857747337,miscanthus_sinensis_15wks vs miscanthus_sinensis_6wks,TRUE
5281,-1.2825696357694696,18.89494389098417,-3.6756700683556245,8.285379093168632e-4,0.008842920206387965,-1.0068189088885342,miscanthus_sinensis_15wks vs miscanthus_sinensis_6wks,TRUE
2298,-2.4891861112203806,20.72194702510386,-3.670033531841734,8.416151923631805e-4,0.008842920206387965,-1.0217127327640307,miscanthus_sinensis_15wks vs miscanthus_sinensis_6wks,TRUE
3737,-1.2970021325510288,18.325900057611022,-3.667880694640145,8.466625729520391e-4,0.008842920206387965,-1.0273988363921402,miscanthus_sinensis_15wks vs miscanthus_sinensis_6wks,TRUE
1562,2.4885687322560024,18.31785784900967,3.6436765813369263,9.05466684832473e-4,0.009353172348818953,-1.0912315435648399,miscanthus_sinensis_15wks vs miscanthus_sinensis_6wks,TRUE
2071,2.493238427884833,18.218075961531106,3.636870371459621,9.227026021827878e-4,0.009427613544041527,-1.1091494793491048,miscanthus_sinensis_15wks vs miscanthus_sinensis_6wks,TRUE
3673,-2.9044628416424096,18.845395378097294,-3.546515714031521,0.0011838590033450183,0.01196588670047653,-1.3456526512648264,miscanthus_sinensis_15wks vs miscanthus_sinensis_6wks,TRUE
2270,2.617461320805969,18.77773740517356,3.5299034830415494,0.0012390847092077573,0.012282917960702435,-1.3888518718703224,miscanthus_sinensis_15wks vs miscanthus_sinensis_6wks,TRUE
1063,1.845433104981577,18.302729118814305,3.529234860945193,0.0012413587300709908,0.012282917960702435,-1.390588700662212,miscanthus_sinensis_15wks vs miscanthus_sinensis_6wks,TRUE
4419,-1.3747347137927406,19.450577222872052,-3.4969766048066364,0.0013559829038640372,0.013277332600335362,-1.474208086068507,miscanthus_sinensis_15wks vs miscanthus_sinensis_6wks,TRUE
3234,-2.8811006496166662,19.036413364391585,-3.4900915053907595,0.0013817365171071372,0.013390023980213495,-1.4920106309862424,miscanthus_sinensis_15wks vs miscanthus_sinensis_6wks,TRUE
4636,-1.618456125973541,20.422178881881912,-3.476457910810436,0.0014341302879966591,0.013755943578743466,-1.5272153440984928,miscanthus_sinensis_15wks vs miscanthus_sinensis_6wks,TRUE
268,-1.9723212901710916,19.008283299324493,-3.449311371619838,0.0015442090651766455,0.01466218708349542,-1.597124614727388,miscanthus_sinensis_15wks vs miscanthus_sinensis_6wks,TRUE
198,2.0818854916617475,19.836467225998053,3.3818631864450106,0.0018540184753264965,0.01742777366806907,-1.7697079345604338,miscanthus_sinensis_15wks vs miscanthus_sinensis_6wks,TRUE
3605,2.0862418622949868,18.074341460009638,3.373825640685805,0.0018946926410124269,0.0176337730945711,-1.790165844411737,miscanthus_sinensis_15wks vs miscanthus_sinensis_6wks,TRUE
2986,-1.1071240592132092,23.68735774784628,-3.3315823599549352,0.0021229317333760016,0.019564272836994523,-1.8972990660714704,miscanthus_sinensis_15wks vs miscanthus_sinensis_6wks,TRUE
73,-4.212551267015492,21.846238748437404,-3.3064714143857343,0.0022708529745366192,0.020724289282178853,-1.9606688458703694,miscanthus_sinensis_15wks vs miscanthus_sinensis_6wks,TRUE
2447,-1.605336110616669,18.38838509323497,-3.2881107687632545,0.0023852017801883185,0.02153782471250196,-2.0068527419926028,miscanthus_sinensis_15wks vs miscanthus_sinensis_6wks,TRUE
3508,1.9343730011393987,20.02224884057657,3.2824771073111263,0.0024213784261670488,0.02153782471250196,-2.0209976982145843,miscanthus_sinensis_15wks vs miscanthus_sinensis_6wks,TRUE
438,-1.2395923177090857,18.73919633056574,-3.281341592262709,0.002428733425026817,0.02153782471250196,-2.023847265921468,miscanthus_sinensis_15wks vs miscanthus_sinensis_6wks,TRUE
4047,-2.143683944646522,18.703364910034242,-3.232217565407343,0.0027681791531014646,0.0241741722734908,-2.146644442856057,miscanthus_sinensis_15wks vs miscanthus_sinensis_6wks,TRUE
356,-1.4575530131421246,17.816702621103857,-3.2309571698148614,0.002777458090996815,0.0241741722734908,-2.1497826457164457,miscanthus_sinensis_15wks vs miscanthus_sinensis_6wks,TRUE
4051,-2.073611659805227,18.92959302245283,-3.208360418326405,0.002948935545326121,0.02543118727161976,-2.205938005225155,miscanthus_sinensis_15wks vs miscanthus_sinensis_6wks,TRUE
309,1.8011643601725744,21.753535152940525,3.1348197994589095,0.0035795949053771727,0.03058926555504129,-2.3872600025217903,miscanthus_sinensis_15wks vs miscanthus_sinensis_6wks,TRUE
1683,-2.345150733723095,18.178474565850888,-3.1255332681876418,0.003667805709274682,0.031060696997461272,-2.4099976181265763,miscanthus_sinensis_15wks vs miscanthus_sinensis_6wks,TRUE
1841,2.3881356962571694,18.353898852945157,3.1022407955338362,0.0038982307910438757,0.03259944616019515,-2.466867710769698,miscanthus_sinensis_15wks vs miscanthus_sinensis_6wks,TRUE
1431,2.123012608593651,21.571873014735704,3.100218770592079,0.003918869591597928,0.03259944616019515,-2.471793726869282,miscanthus_sinensis_15wks vs miscanthus_sinensis_6wks,TRUE
3436,3.123310324303418,20.650717303450126,3.0859722792948436,0.004067249715742319,0.0335369713403314,-2.506451060342628,miscanthus_sinensis_15wks vs miscanthus_sinensis_6wks,TRUE
180,-1.4289767522429457,18.095256210383546,-3.030249778728863,0.004700355573628979,0.03842029773227166,-2.6411596577101744,miscanthus_sinensis_15wks vs miscanthus_sinensis_6wks,TRUE
3595,1.0702061918558918,17.38270075959846,2.982330510656291,0.005318301088816188,0.042778131429072205,-2.7559010300058424,miscanthus_sinensis_15wks vs miscanthus_sinensis_6wks,TRUE
2515,-2.5773076182670174,21.457200264249526,-2.9818761241567264,0.005324512103405796,0.042778131429072205,-2.756984070524214,miscanthus_sinensis_15wks vs miscanthus_sinensis_6wks,TRUE
4022,2.5116185183287136,19.57487824680507,2.905887106104766,0.0064651124773215,0.051501743463408564,-2.936760857749473,miscanthus_sinensis_15wks vs miscanthus_sinensis_6wks,TRUE
5252,-1.3533998953179847,19.454090397922073,-2.90002918634672,0.00656197641417719,0.05178267374724305,-2.950507042959253,miscanthus_sinensis_15wks vs miscanthus_sinensis_6wks,TRUE
2582,2.2063174847224083,19.11612678273835,2.897121947266838,0.00661055409539273,0.05178267374724305,-2.9573230892546176,miscanthus_sinensis_15wks vs miscanthus_sinensis_6wks,TRUE
2491,2.1285393241429027,18.01561908907655,2.8789130420181306,0.006922579526454848,0.053778716982376504,-2.9999219009482556,miscanthus_sinensis_15wks vs miscanthus_sinensis_6wks,TRUE
2386,2.0889757277023833,18.742723821532206,2.8333278332615968,0.007765399325922941,0.05949007740814188,-3.105861345138576,miscanthus_sinensis_15wks vs miscanthus_sinensis_6wks,TRUE
3955,-0.9504063664789228,18.927936152800473,-2.8323576711467346,0.007784339916171756,0.05949007740814188,-3.108104919480787,miscanthus_sinensis_15wks vs miscanthus_sinensis_6wks,FALSE
3842,2.3758159233940432,18.76283503177052,2.827211202836263,0.00788554044240935,0.05977748399890959,-3.1199987385068826,miscanthus_sinensis_15wks vs miscanthus_sinensis_6wks,TRUE
2153,1.2902826222998343,18.339023749530607,2.8204599060940194,0.008020166501750784,0.06031165209316589,-3.135581513374845,miscanthus_sinensis_15wks vs miscanthus_sinensis_6wks,TRUE
306,-1.9375958978121233,22.209722891983432,-2.805746573379792,0.008321046593509369,0.06207764918967307,-3.169462970849618,miscanthus_sinensis_15wks vs miscanthus_sinensis_6wks,TRUE
2032,-1.6011190261470567,23.759192097373507,-2.7967971587016245,0.008509185631751641,0.06298137396729561,-3.1900184474209294,miscanthus_sinensis_15wks vs miscanthus_sinensis_6wks,TRUE
510,-2.5849367469029474,19.924446791516637,-2.7915933843490577,0.008620402067868401,0.06330607768590857,-3.2019522255363655,miscanthus_sinensis_15wks vs miscanthus_sinensis_6wks,TRUE
3978,-1.2123901194600606,18.395980368302258,-2.761157851871119,0.009298539987808047,0.06754689740478854,-3.271475021869162,miscanthus_sinensis_15wks vs miscanthus_sinensis_6wks,TRUE
942,-0.9248735659598495,22.76737802970098,-2.7589228108090253,0.009350251302817096,0.06754689740478854,-3.276561830403103,miscanthus_sinensis_15wks vs miscanthus_sinensis_6wks,FALSE
2656,1.2895361009725796,18.542760692893005,2.755390502424659,0.009432524033887302,0.06754689740478854,-3.2845959102911775,miscanthus_sinensis_15wks vs miscanthus_sinensis_6wks,TRUE
442,-1.745411154823202,20.181508528529946,-2.7517596582645125,0.009517794751667061,0.06754689740478854,-3.292847424556245,miscanthus_sinensis_15wks vs miscanthus_sinensis_6wks,TRUE
3136,-2.324177778803758,19.0098890009375,-2.750093383362485,0.009557167398762634,0.06754689740478854,-3.296631956817858,miscanthus_sinensis_15wks vs miscanthus_sinensis_6wks,TRUE
4685,1.5797850628964767,18.13136227194001,2.7253922378049804,0.01015891860553988,0.07126405588960812,-3.3525661328675893,miscanthus_sinensis_15wks vs miscanthus_sinensis_6wks,TRUE
490,-0.8930660353460596,23.201838557453044,-2.699726506130453,0.010821377227241979,0.07534884884153674,-3.4103474868942505,miscanthus_sinensis_15wks vs miscanthus_sinensis_6wks,FALSE
3178,1.7175872914577113,18.84290779253253,2.6756984891844375,0.011477728754224899,0.07933136050714269,-3.464126715202325,miscanthus_sinensis_15wks vs miscanthus_sinensis_6wks,TRUE
1781,1.9106425175345798,18.400438086252937,2.6346889559725355,0.01268386284668724,0.08702796405756208,-3.555199504310093,miscanthus_sinensis_15wks vs miscanthus_sinensis_6wks,TRUE
1947,3.2211223880683804,20.536772450955787,2.626214009657988,0.012947310756836097,0.08819182689439081,-3.5739067883614615,miscanthus_sinensis_15wks vs miscanthus_sinensis_6wks,TRUE
954,-1.7339422464693257,21.375712407177595,-2.5988211500563376,0.013833818426722601,0.09355244115913125,-3.6341033134152174,miscanthus_sinensis_15wks vs miscanthus_sinensis_6wks,TRUE
5108,-1.1377027731427987,18.20591146669251,-2.5859327924299484,0.014270012723446739,0.09581294257171381,-3.6622823443733794,miscanthus_sinensis_15wks vs miscanthus_sinensis_6wks,TRUE
4210,-1.2792389801114972,19.939197462289293,-2.579895153288361,0.014478682386305348,0.09601267622095398,-3.67545119738406,miscanthus_sinensis_15wks vs miscanthus_sinensis_6wks,TRUE
2347,1.6175005948099503,18.503020293100146,2.5791668567811463,0.014504042578059005,0.09601267622095398,-3.6770383282211943,miscanthus_sinensis_15wks vs miscanthus_sinensis_6wks,TRUE
1289,1.8874872974715764,21.819157709825827,2.569901059862097,0.014830282056673215,0.09748577016274701,-3.697204779071412,miscanthus_sinensis_15wks vs miscanthus_sinensis_6wks,TRUE
1244,1.161341855639126,22.709898911469505,2.566002269415519,0.014969564053451673,0.09771798757114286,-3.7056758662572116,miscanthus_sinensis_15wks vs miscanthus_sinensis_6wks,TRUE
78,3.2498031014201345,20.878308903011384,2.5571099258452263,0.015291755181507908,0.0991327577283961,-3.7249646719331433,miscanthus_sinensis_15wks vs miscanthus_sinensis_6wks,TRUE
3156,1.427708972712903,18.376468097062897,2.5537625531644585,0.015414682869820673,0.09924521847692762,-3.732214058072222,miscanthus_sinensis_15wks vs miscanthus_sinensis_6wks,TRUE
4567,1.1065814962280065,17.676802732260764,2.540643602740142,0.015905271114225385,0.10170717583246164,-3.7605645118568947,miscanthus_sinensis_15wks vs miscanthus_sinensis_6wks,TRUE
5574,1.25712022729142,17.863708424130458,2.5263073570107957,0.016457759743105663,0.10452901458459003,-3.791433574747798,miscanthus_sinensis_15wks vs miscanthus_sinensis_6wks,TRUE
1863,-1.1892442746882956,21.585223371194424,-2.5156312266621583,0.016880582036079145,0.10649494707325098,-3.8143451842105334,miscanthus_sinensis_15wks vs miscanthus_sinensis_6wks,TRUE
34,1.6818213558919837,26.40922796066908,2.5090438674630566,0.0171464185622208,0.10745088965658368,-3.828449345253848,miscanthus_sinensis_15wks vs miscanthus_sinensis_6wks,TRUE
410,-1.0378750048083418,22.20806784388392,-2.4798970941584977,0.018369324063169334,0.1143520835720475,-3.8905537466386844,miscanthus_sinensis_15wks vs miscanthus_sinensis_6wks,TRUE
5201,-1.0371646434774,18.582872252896397,-2.447051338099936,0.01984270333036105,0.12238716134102348,-3.9599440656250584,miscanthus_sinensis_15wks vs miscanthus_sinensis_6wks,TRUE
3523,0.9427951782883355,22.064000474546777,2.4434744852403676,0.020009501335188088,0.12238716134102348,-3.967462083614828,miscanthus_sinensis_15wks vs miscanthus_sinensis_6wks,FALSE
26,-0.845221018716309,21.047836860809564,-2.442595999599853,0.020050662602678314,0.12238716134102348,-3.969307368624476,miscanthus_sinensis_15wks vs miscanthus_sinensis_6wks,FALSE
1938,-2.06681201124875,18.61341464784103,-2.4382013123550847,0.02025773676619096,0.12285337135625485,-3.978531647317522,miscanthus_sinensis_15wks vs miscanthus_sinensis_6wks,TRUE
4542,1.9327391533904539,18.734180543642196,2.435163018724016,0.020402036929373386,0.12293535072827552,-3.9849021841277863,miscanthus_sinensis_15wks vs miscanthus_sinensis_6wks,TRUE
936,1.3959029652249235,17.889636265927688,2.402409738675767,0.022018176612609602,0.13182857334938233,-4.053226483529307,miscanthus_sinensis_15wks vs miscanthus_sinensis_6wks,TRUE
2472,-1.7337629424608316,20.378809607020216,-2.3842980860792484,0.02296104024494122,0.13660365715344774,-4.090729869255144,miscanthus_sinensis_15wks vs miscanthus_sinensis_6wks,TRUE
3296,-1.8048783961403103,18.73294883256841,-2.3589083009576783,0.02434453058785633,0.14392363995336446,-4.142966910592352,miscanthus_sinensis_15wks vs miscanthus_sinensis_6wks,TRUE
5817,-0.7432940241769366,17.826229970693607,-2.3452538992538647,0.025119393626453435,0.14686349782135807,-4.170895539302831,miscanthus_sinensis_15wks vs miscanthus_sinensis_6wks,FALSE
1752,1.4343073944808857,18.854192550958746,2.3425191517365556,0.025277242717728875,0.14686349782135807,-4.17647530708021,miscanthus_sinensis_15wks vs miscanthus_sinensis_6wks,TRUE
4676,-0.8085047388341415,17.3918491373539,-2.3419446322604074,0.025310517709638308,0.14686349782135807,-4.177646922618688,miscanthus_sinensis_15wks vs miscanthus_sinensis_6wks,FALSE
4381,1.499188389117883,18.942055958274384,2.3306892795511653,0.025970445897519012,0.14976821560532436,-4.200558543885194,miscanthus_sinensis_15wks vs miscanthus_sinensis_6wks,TRUE
422,1.0488804033759571,24.08073097918856,2.320219537461581,0.026598229406823836,0.15245326611228296,-4.221800052629374,miscanthus_sinensis_15wks vs miscanthus_sinensis_6wks,TRUE
2374,1.3036903629850976,18.001967456405886,2.2821444100664565,0.028998394126970983,0.16520297260213773,-4.298467678308038,miscanthus_sinensis_15wks vs miscanthus_sinensis_6wks,TRUE
277,-1.2036967942344674,18.36030627159829,-2.2629589927557694,0.03028017653714944,0.17146605990915947,-4.336750672178989,miscanthus_sinensis_15wks vs miscanthus_sinensis_6wks,TRUE
5249,-1.2883376812823286,19.234259053517906,-2.2287029308122865,0.03269588552235074,0.1840367209042497,-4.404517897135028,miscanthus_sinensis_15wks vs miscanthus_sinensis_6wks,TRUE
138,-1.3016800104654784,18.479287600111086,-2.2004043541320324,0.034820089571698236,0.1947315919108667,-4.459924821069103,miscanthus_sinensis_15wks vs miscanthus_sinensis_6wks,TRUE
5661,-0.9590520037258514,18.329079605156544,-2.1979468104965907,0.03501025429035795,0.1947315919108667,-4.464711786692618,miscanthus_sinensis_15wks vs miscanthus_sinensis_6wks,FALSE
4595,-1.593170543114983,18.90210344352388,-2.18362047333234,0.0361373841603775,0.19981847712208733,-4.49253834302553,miscanthus_sinensis_15wks vs miscanthus_sinensis_6wks,TRUE
3088,1.764787119695022,18.600393269739037,2.1803836466081776,0.03639647828639439,0.20007420812403934,-4.49880656655065,miscanthus_sinensis_15wks vs miscanthus_sinensis_6wks,TRUE
2247,1.503412970770885,18.56828682336444,2.1501607145865163,0.03889666241639323,0.21257478297331184,-4.556998131689186,miscanthus_sinensis_15wks vs miscanthus_sinensis_6wks,TRUE
28,-2.235578378040053,22.282338283828064,-2.1260194133740953,0.04100211892137618,0.22278607968840236,-4.603040539286361,miscanthus_sinensis_15wks vs miscanthus_sinensis_6wks,TRUE
2425,-1.524716340760257,18.40395717076327,-2.1233574798072317,0.04124034797726969,0.22279268447490524,-4.608093323428326,miscanthus_sinensis_15wks vs miscanthus_sinensis_6wks,TRUE
2952,1.5621569774587094,18.75431367698685,2.11607649144881,0.04189822948629762,0.22393000362308527,-4.621889299933054,miscanthus_sinensis_15wks vs miscanthus_sinensis_6wks,TRUE
96,1.6832762518179258,19.127224021100098,2.1157568806829232,0.04192731982730107,0.22393000362308527,-4.622494072556351,miscanthus_sinensis_15wks vs miscanthus_sinensis_6wks,TRUE
209,2.020763673924794,20.20433675707262,2.103213740128751,0.043083171130474295,0.22797402764035135,-4.646173532901061,miscanthus_sinensis_15wks vs miscanthus_sinensis_6wks,TRUE
2870,-1.2181100226266075,20.605066775604442,-2.1022883582154734,0.043169549914875045,0.22797402764035135,-4.647916261004196,miscanthus_sinensis_15wks vs miscanthus_sinensis_6wks,TRUE
3535,1.3855193833296653,19.521043387222928,2.0922157022213166,0.044119710777374144,0.23166115773268384,-4.666847765839357,miscanthus_sinensis_15wks vs miscanthus_sinensis_6wks,TRUE
5591,-0.5553188290622586,18.002181987275335,-2.087287155747753,0.04459131230418916,0.23166115773268384,-4.676085630045602,miscanthus_sinensis_15wks vs miscanthus_sinensis_6wks,FALSE
3799,-1.2334117441073644,18.83507186976825,-2.0871230098575415,0.0446070952655487,0.23166115773268384,-4.676393011580939,miscanthus_sinensis_15wks vs miscanthus_sinensis_6wks,TRUE
2070,0.994209166522463,23.14521775083195,2.075644711436041,0.04572304369565525,0.23615198392261502,-4.697841474085147,miscanthus_sinensis_15wks vs miscanthus_sinensis_6wks,FALSE
4355,0.9349882819283977,18.402927354973954,2.0333296303088293,0.05005212406789232,0.25709834220666,-4.7761241925140405,miscanthus_sinensis_15wks vs miscanthus_sinensis_6wks,FALSE
109,1.56741221871032,20.939891845910488,2.0194146422150525,0.05155219507411784,0.26336447483516723,-4.801593857951312,miscanthus_sinensis_15wks vs miscanthus_sinensis_6wks,FALSE
5827,1.9676536763522599,21.012706399059013,2.0034867043555287,0.05331741054337104,0.2709100860041555,-4.830580673462814,miscanthus_sinensis_15wks vs miscanthus_sinensis_6wks,FALSE
3840,1.3409614553375562,20.071760006307027,1.994906255256845,0.05429004036941047,0.27436902122175183,-4.846121637082572,miscanthus_sinensis_15wks vs miscanthus_sinensis_6wks,FALSE
4748,-1.2833436405434284,21.058236698713777,-1.9907587283225616,0.05476570317940381,0.27529283951144157,-4.853614933777944,miscanthus_sinensis_15wks vs miscanthus_sinensis_6wks,FALSE
414,-1.2714069784708997,18.590804968747232,-1.9829874397153409,0.05566674720167509,0.27833373600837547,-4.867622301283619,miscanthus_sinensis_15wks vs miscanthus_sinensis_6wks,FALSE
205,-2.0538998626771594,22.61214556985912,-1.9745708109477251,0.056657152026302234,0.2817868936757889,-4.882744286100035,miscanthus_sinensis_15wks vs miscanthus_sinensis_6wks,FALSE
1432,1.9287184253468617,19.593077578004284,1.9719835925516154,0.05696466089310254,0.2818251644185073,-4.887382515718988,miscanthus_sinensis_15wks vs miscanthus_sinensis_6wks,FALSE
4700,1.3953282268730618,18.80915253360742,1.9276192819000673,0.06246783264393524,0.3074333124884771,-4.96616738556748,miscanthus_sinensis_15wks vs miscanthus_sinensis_6wks,FALSE
2107,-0.8856063297828172,18.621006880611077,-1.9209100357623436,0.0633389013320283,0.3097932419948314,-4.977958066566884,miscanthus_sinensis_15wks vs miscanthus_sinensis_6wks,FALSE
320,2.055029226143212,19.481291291008617,1.918865029162643,0.0636064847925558,0.3097932419948314,-4.9815453972937265,miscanthus_sinensis_15wks vs miscanthus_sinensis_6wks,FALSE
6,-2.890907947961452,20.41637543061038,-1.9083413895942773,0.06499896204794464,0.3149434243560204,-4.999957595517925,miscanthus_sinensis_15wks vs miscanthus_sinensis_6wks,FALSE
2305,-1.3371590337319716,21.30470138549553,-1.9054778372376908,0.06538238469733464,0.31517662366920285,-5.004953663061426,miscanthus_sinensis_15wks vs miscanthus_sinensis_6wks,FALSE
638,1.0763657844195258,18.772497399345593,1.896095969292672,0.06665228016788935,0.3196588946827347,-5.021280191510158,miscanthus_sinensis_15wks vs miscanthus_sinensis_6wks,FALSE
1787,0.9331677495974127,25.313999279914103,1.8925756371461249,0.06713422875044596,0.32033591383461524,-5.027389672180587,miscanthus_sinensis_15wks vs miscanthus_sinensis_6wks,FALSE
2287,0.6817921707933579,17.639388217147925,1.8883062472767513,0.06772274723465972,0.3215120323261623,-5.034786895680309,miscanthus_sinensis_15wks vs miscanthus_sinensis_6wks,FALSE
1633,1.0352023164791042,18.75483129660054,1.8561361762882391,0.07230151584946078,0.34081246421014516,-5.0900921504831835,miscanthus_sinensis_15wks vs miscanthus_sinensis_6wks,FALSE
2614,1.050771794046927,22.432266461140472,1.854690969593398,0.07251329025747769,0.34081246421014516,-5.092558652020246,miscanthus_sinensis_15wks vs miscanthus_sinensis_6wks,FALSE
166,-1.473325682045317,23.487350861200685,-1.8383961982030124,0.07493801044773209,0.3504563672680008,-5.1202606967972955,miscanthus_sinensis_15wks vs miscanthus_sinensis_6wks,FALSE
3140,-1.1240539364279094,19.769054948456176,-1.8326545775814032,0.07580872214625821,0.35195783364485095,-5.1299744429746585,miscanthus_sinensis_15wks vs miscanthus_sinensis_6wks,FALSE
4263,1.4958905853998736,19.352908666010205,1.8305037640639268,0.07613710574284269,0.35195783364485095,-5.133606848465232,miscanthus_sinensis_15wks vs miscanthus_sinensis_6wks,FALSE
156,0.9061205519903801,22.499603119524025,1.8267286694042546,0.07671641560701575,0.35195783364485095,-5.139974021478585,miscanthus_sinensis_15wks vs miscanthus_sinensis_6wks,FALSE
4192,0.6181331828547805,17.91612158411851,1.8264666593407588,0.07675676159276006,0.35195783364485095,-5.140415536901669,miscanthus_sinensis_15wks vs miscanthus_sinensis_6wks,FALSE
2424,-0.9584239720414693,19.557793640639442,-1.8120863249342298,0.0789990309631938,0.3604810150747678,-5.164568660813888,miscanthus_sinensis_15wks vs miscanthus_sinensis_6wks,FALSE
1047,-1.654302762666731,22.02720584715997,-1.7864821005766383,0.08312931282162499,0.3774954302044806,-5.20718610471903,miscanthus_sinensis_15wks vs miscanthus_sinensis_6wks,FALSE
302,0.8174981227868372,18.108078183161584,1.7789176521562273,0.08438401968846647,0.3813508582074927,-5.2196815020792995,miscanthus_sinensis_15wks vs miscanthus_sinensis_6wks,FALSE
3431,-0.8965658608862874,17.959586466103115,-1.774134665947066,0.08518560700944494,0.3831314382242978,-5.227559772740905,miscanthus_sinensis_15wks vs miscanthus_sinensis_6wks,FALSE
3865,0.6494846221323662,17.284999681919828,1.7579610299092787,0.08794399683808536,0.39136412640140356,-5.254070309476246,miscanthus_sinensis_15wks vs miscanthus_sinensis_6wks,FALSE
4782,-1.0271634936531306,21.1272703861646,-1.7547893618182966,0.08849366164135605,0.39136412640140356,-5.259245501700511,miscanthus_sinensis_15wks vs miscanthus_sinensis_6wks,FALSE
69,1.0217027658990148,28.177026637305584,1.7524769227187862,0.08889624034684346,0.39136412640140356,-5.263013815697411,miscanthus_sinensis_15wks vs miscanthus_sinensis_6wks,FALSE
75,1.7390873816132029,19.872399635392714,1.7499633660120972,0.0893355807094922,0.39136412640140356,-5.26710519661232,miscanthus_sinensis_15wks vs miscanthus_sinensis_6wks,FALSE
1872,1.1592321648787518,20.91597954133736,1.7487846887743206,0.08954222852569524,0.39136412640140356,-5.269022082986959,miscanthus_sinensis_15wks vs miscanthus_sinensis_6wks,FALSE
147,1.5032975128641937,19.06481669914866,1.7473972210836202,0.08978599732034069,0.39136412640140356,-5.2712771532765075,miscanthus_sinensis_15wks vs miscanthus_sinensis_6wks,FALSE
1890,-0.6161700912064347,24.03319666762755,-1.7450064821490998,0.09020734440291124,0.39136412640140356,-5.275159369974666,miscanthus_sinensis_15wks vs miscanthus_sinensis_6wks,FALSE
142,-1.4793774105687696,18.960231844963698,-1.7442171342070456,0.09034682492457932,0.39136412640140356,-5.276440188974226,miscanthus_sinensis_15wks vs miscanthus_sinensis_6wks,FALSE
354,-1.2048715455446946,19.673065153664286,-1.7398441250049708,0.09112284096896343,0.3918012670404498,-5.2835272425699795,miscanthus_sinensis_15wks vs miscanthus_sinensis_6wks,FALSE
3430,0.6953531966185267,25.409065989201974,1.738954696474627,0.09128135902325374,0.3918012670404498,-5.284966873126706,miscanthus_sinensis_15wks vs miscanthus_sinensis_6wks,FALSE
5656,1.1050294129549023,21.90821956427273,1.7275854215564603,0.09332813553633112,0.39830933914333533,-5.30331524699443,miscanthus_sinensis_15wks vs miscanthus_sinensis_6wks,FALSE
162,-1.2569108296110052,21.251181460219374,-1.725843700590947,0.09364506803263523,0.39830933914333533,-5.306117281004375,miscanthus_sinensis_15wks vs miscanthus_sinensis_6wks,FALSE
267,-1.1291382052986876,20.023872507494556,-1.7161055373378262,0.09543374527863986,0.4027711358832937,-5.321740334432784,miscanthus_sinensis_15wks vs miscanthus_sinensis_6wks,FALSE
5474,-0.869911779410856,18.93968477110883,-1.7154723840249855,0.09555102478933458,0.4027711358832937,-5.322753555005076,miscanthus_sinensis_15wks vs miscanthus_sinensis_6wks,FALSE
2165,1.332465299331723,19.42673646471272,1.708021029335738,0.09694033131157423,0.40594490863247756,-5.334654303743253,miscanthus_sinensis_15wks vs miscanthus_sinensis_6wks,FALSE
4440,1.044548384623134,19.988584819561893,1.7068102738121593,0.09716766430032707,0.40594490863247756,-5.336583940345271,miscanthus_sinensis_15wks vs miscanthus_sinensis_6wks,FALSE
3748,-1.0910600351616502,18.2585113311842,-1.677535859425049,0.10280127108993102,0.4275805080731644,-5.382890371774605,miscanthus_sinensis_15wks vs miscanthus_sinensis_6wks,FALSE
165,1.1975795179689541,18.838407729194362,1.6721438307852763,0.10386799862278288,0.43011417931901286,-5.3913460336068395,miscanthus_sinensis_15wks vs miscanthus_sinensis_6wks,FALSE
4065,-1.1041839685255077,18.287280337314897,-1.6656772377180284,0.10515942099560639,0.4331627272263811,-5.401456534427481,miscanthus_sinensis_15wks vs miscanthus_sinensis_6wks,FALSE
3262,-1.3014714683148867,19.336030741906292,-1.6638545913716005,0.10552581333493752,0.4331627272263811,-5.404300265259807,miscanthus_sinensis_15wks vs miscanthus_sinensis_6wks,FALSE
2069,-0.9955404585705594,22.01558832150219,-1.6599515545741093,0.10631397214583317,0.4331674371877641,-5.410381020695674,miscanthus_sinensis_15wks vs miscanthus_sinensis_6wks,FALSE
104,-1.300890772276496,21.752418237730154,-1.6592872964551462,0.10644859360678033,0.4331674371877641,-5.411414703507508,miscanthus_sinensis_15wks vs miscanthus_sinensis_6wks,FALSE
5638,1.5950205684217664,19.427367098389958,1.6559847521201685,0.1071200003787058,0.43402069118958386,-5.4165487538084465,miscanthus_sinensis_15wks vs miscanthus_sinensis_6wks,FALSE
5244,-0.8118313478757031,21.409360977518638,-1.6530557098543346,0.10771840541288728,0.4345721076743092,-5.421094928849484,miscanthus_sinensis_15wks vs miscanthus_sinensis_6wks,FALSE
5947,-0.705628202122984,18.93629336142122,-1.6492225745035045,0.10850569458807267,0.4348682507977295,-5.427034059726308,miscanthus_sinensis_15wks vs miscanthus_sinensis_6wks,FALSE
5867,1.5086175758316998,20.529839904659045,1.6481973892495156,0.10871706269943238,0.4348682507977295,-5.428620522021664,miscanthus_sinensis_15wks vs miscanthus_sinensis_6wks,FALSE
1114,-0.4351904828074282,23.059607247912098,-1.6424081669517496,0.10991705796468651,0.43780523087629375,-5.437563587263571,miscanthus_sinensis_15wks vs miscanthus_sinensis_6wks,FALSE
3193,1.0065763174876459,19.838451097003098,1.630520513714016,0.1124154518487805,0.44586719298672434,-5.455843652370754,miscanthus_sinensis_15wks vs miscanthus_sinensis_6wks,FALSE
149,1.0391394257013893,23.70078004623044,1.6231166195002413,0.1139950317477486,0.45023247833144403,-5.467171834232361,miscanthus_sinensis_15wks vs miscanthus_sinensis_6wks,FALSE
1598,1.2705047234810927,20.136230005417055,1.6128473085801998,0.11621612888266462,0.4570843562749152,-5.482811492317682,miscanthus_sinensis_15wks vs miscanthus_sinensis_6wks,FALSE
4592,1.0732545212503446,18.56760345135693,1.61011572357376,0.11681287923070438,0.4575171103202588,-5.486957309452299,miscanthus_sinensis_15wks vs miscanthus_sinensis_6wks,FALSE
3778,0.9797445130611493,19.77421820158885,1.5944639487572945,0.1202808849863603,0.46645491902555175,-5.510596726261915,miscanthus_sinensis_15wks vs miscanthus_sinensis_6wks,FALSE
1893,1.1140711908125276,20.99728985172123,1.5939328162069155,0.12040003256716007,0.46645491902555175,-5.511395448584919,miscanthus_sinensis_15wks vs miscanthus_sinensis_6wks,FALSE
1492,-0.8831779283949537,20.109549224346896,-1.5931155391117018,0.12058355885447773,0.46645491902555175,-5.512624032823279,miscanthus_sinensis_15wks vs miscanthus_sinensis_6wks,FALSE
5623,0.6489669990744282,17.734166002901002,1.5871597388932326,0.12192790463544749,0.4697222555627895,-5.521560878022138,miscanthus_sinensis_15wks vs miscanthus_sinensis_6wks,FALSE
1354,0.7643976509314285,23.105719745785827,1.580690114328064,0.12340208490392127,0.4734610604476979,-5.531236203111694,miscanthus_sinensis_15wks vs miscanthus_sinensis_6wks,FALSE
511,0.9041181579363133,25.705457863261337,1.5773563447173378,0.12416738492936352,0.4744607391609826,-5.536208612108056,miscanthus_sinensis_15wks vs miscanthus_sinensis_6wks,FALSE
4376,-0.5520007232411679,22.789659068799192,-1.5711167285153138,0.1256101520034184,0.4780305379887178,-5.545490927525919,miscanthus_sinensis_15wks vs miscanthus_sinensis_6wks,FALSE
4810,-1.1813828692297434,18.40236749240223,-1.5593005995747586,0.1283797625506669,0.48551308908963586,-5.5629823337901385,miscanthus_sinensis_15wks vs miscanthus_sinensis_6wks,FALSE
4396,1.4135688292739808,20.345164828346327,1.5583305675618597,0.12860931828012695,0.48551308908963586,-5.564413218398006,miscanthus_sinensis_15wks vs miscanthus_sinensis_6wks,FALSE
2383,-1.2310131072465964,19.488254454881467,-1.551568444266253,0.1302188373581092,0.48869613549977137,-5.574366619149069,miscanthus_sinensis_15wks vs miscanthus_sinensis_6wks,FALSE
406,-0.6107095328476682,21.652633037286236,-1.550426428914241,0.13049226596855598,0.48869613549977137,-5.576043903390418,miscanthus_sinensis_15wks vs miscanthus_sinensis_6wks,FALSE
2396,-0.9775658033529844,17.983142265798175,-1.541364900253741,0.132678375963536,0.494911402403666,-5.589314792548542,miscanthus_sinensis_15wks vs miscanthus_sinensis_6wks,FALSE
168,1.306658285617857,19.389070065948946,1.5366937615395693,0.1338168251087826,0.49718504190614876,-5.596129539140291,miscanthus_sinensis_15wks vs miscanthus_sinensis_6wks,FALSE
3675,-0.888275178172087,19.108304823306195,-1.5186690054598022,0.13828405215092113,0.5117598780388419,-5.622257850876786,miscanthus_sinensis_15wks vs miscanthus_sinensis_6wks,FALSE
77,1.7193747539807234,23.99503079360621,1.5063772648223814,0.14139875374661906,0.5192262063178746,-5.639922096112428,miscanthus_sinensis_15wks vs miscanthus_sinensis_6wks,FALSE
1138,0.7902257188694684,19.217075073359997,1.5056065943974057,0.14159590314064138,0.5192262063178746,-5.641025451720129,miscanthus_sinensis_15wks vs miscanthus_sinensis_6wks,FALSE
2348,0.9421532146451916,23.890056556327504,1.5007193198155253,0.14285128795535468,0.5192262063178746,-5.648011029619639,miscanthus_sinensis_15wks vs miscanthus_sinensis_6wks,FALSE
5539,-0.8527832246411045,17.95920406443759,-1.5004271864406105,0.14292660968012036,0.5192262063178746,-5.648427960769374,miscanthus_sinensis_15wks vs miscanthus_sinensis_6wks,FALSE
103,1.070640529949344,22.223933443944734,1.4998969996891398,0.1430633908897123,0.5192262063178746,-5.649184459685397,miscanthus_sinensis_15wks vs miscanthus_sinensis_6wks,FALSE
3724,0.7773095937887575,17.88893303422156,1.4938025214323059,0.14464323791905637,0.5223703151173463,-5.65786364381246,miscanthus_sinensis_15wks vs miscanthus_sinensis_6wks,FALSE
5069,0.7303451131012473,17.68279240448024,1.4922760522146548,0.1450411194102419,0.5223703151173463,-5.660032669816945,miscanthus_sinensis_15wks vs miscanthus_sinensis_6wks,FALSE
358,1.004546758726626,21.75038063284058,1.4899560387226083,0.14564751985061297,0.5225521704563977,-5.6633255700522165,miscanthus_sinensis_15wks vs miscanthus_sinensis_6wks,FALSE
5076,-0.7210708073730636,20.205713900456153,-1.4840082029083579,0.14721142480604016,0.5261549023485845,-5.6717471567757585,miscanthus_sinensis_15wks vs miscanthus_sinensis_6wks,FALSE
2958,0.9539393049668199,19.823278483882984,1.480753763491973,0.1480728015826682,0.5272289147261671,-5.676342678194391,miscanthus_sinensis_15wks vs miscanthus_sinensis_6wks,FALSE
1406,0.9594822724497369,20.381363291192088,1.4766010971452062,0.14917775890344404,0.5291588429027826,-5.68219374859581,miscanthus_sinensis_15wks vs miscanthus_sinensis_6wks,FALSE
3440,-1.2577866785975154,19.308382773887256,-1.4704364825285445,0.15083018466570725,0.5317910601552165,-5.6908531017982815,miscanthus_sinensis_15wks vs miscanthus_sinensis_6wks,FALSE
2987,-0.976039388012861,21.509295826653155,-1.4692014062929988,0.15116299437627387,0.5317910601552165,-5.692584180426713,miscanthus_sinensis_15wks vs miscanthus_sinensis_6wks,FALSE
1358,-0.3873993669637983,23.44678993813123,-1.467519957980831,0.1516170256612745,0.5317910601552165,-5.694938842968803,miscanthus_sinensis_15wks vs miscanthus_sinensis_6wks,FALSE
2751,1.0787820857970516,19.577386496914595,1.45845969640462,0.1540822284232079,0.5337126466264399,-5.707585910553347,miscanthus_sinensis_15wks vs miscanthus_sinensis_6wks,FALSE
259,1.5790744617998271,20.18364383380496,1.4575151136826332,0.15434106264561115,0.5337126466264399,-5.708900479679125,miscanthus_sinensis_15wks vs miscanthus_sinensis_6wks,FALSE
5304,0.4590740085109317,17.495900718357163,1.4568603717059327,0.15452067740042943,0.5337126466264399,-5.709811240496315,miscanthus_sinensis_15wks vs miscanthus_sinensis_6wks,FALSE
5137,-0.6983051244135581,18.561372569881645,-1.4551977663773898,0.15497752442706828,0.5337126466264399,-5.712122346263729,miscanthus_sinensis_15wks vs miscanthus_sinensis_6wks,FALSE
441,-0.4340348177861557,23.588126114716406,-1.4551023352640156,0.15500377928618944,0.5337126466264399,-5.712254929985631,miscanthus_sinensis_15wks vs miscanthus_sinensis_6wks,FALSE
4829,0.5962272785851184,22.442248997740545,1.4517510825216926,0.1559280119018205,0.5349355152836178,-5.7169060233914974,miscanthus_sinensis_15wks vs miscanthus_sinensis_6wks,FALSE
1864,-0.8478574091475899,18.820905452533513,-1.4437194309546215,0.15816083188176064,0.5383907561212148,-5.728014487347742,miscanthus_sinensis_15wks vs miscanthus_sinensis_6wks,FALSE
136,-0.4619380610674959,23.645262169560446,-1.4419045576996274,0.1586688615132853,0.5383907561212148,-5.7305170982444,miscanthus_sinensis_15wks vs miscanthus_sinensis_6wks,FALSE
225,1.0827191188804264,20.211710689119027,1.4402350964847441,0.15913732611427053,0.5383907561212148,-5.732816745331535,miscanthus_sinensis_15wks vs miscanthus_sinensis_6wks,FALSE
4133,0.6470794457193989,18.53645101663611,1.4392705213589554,0.15940849216275724,0.5383907561212148,-5.73414435702709,miscanthus_sinensis_15wks vs miscanthus_sinensis_6wks,FALSE
389,-0.6906431031760576,20.869864332707326,-1.43788385572785,0.1597989584657648,0.5383907561212148,-5.736051547766102,miscanthus_sinensis_15wks vs miscanthus_sinensis_6wks,FALSE
2907,0.8424092905357163,18.021767065770216,1.4351084247032642,0.16058275332226832,0.53865138317305294,-5.739863949019195,miscanthus_sinensis_15wks vs miscanthus_sinensis_6wks,FALSE
966,1.0632790509898342,18.544604158750435,1.4335563761240155,0.1610223815655616,0.53865138317305294,-5.741993049733597,miscanthus_sinensis_15wks vs miscanthus_sinensis_6wks,FALSE
107,0.9685034207772389,18.880256554483022,1.4300829061803726,0.16200970916925772,0.5400323638975257,-5.746750591822809,miscanthus_sinensis_15wks vs miscanthus_sinensis_6wks,FALSE
2576,1.1935574828919897,20.940263866771403,1.425030064907953,0.16345449167277182,0.5429230465456025,-5.753653174176781,miscanthus_sinensis_15wks vs miscanthus_sinensis_6wks,FALSE
4287,-0.7671489182976821,19.79927178043009,-1.4174542172104212,0.16563969067881457,0.5482440466129778,-5.763961926545605,miscanthus_sinensis_15wks vs miscanthus_sinensis_6wks,FALSE
55,-1.6011203969634806,20.095065217043306,-1.4091283122327596,0.1680676726553203,0.5543284641964951,-5.775235224852257,miscanthus_sinensis_15wks vs miscanthus_sinensis_6wks,FALSE
3468,1.0508630200194915,18.787586370317047,1.4057427097292117,0.16906292931267172,0.5556613760626273,-5.7798025155504,miscanthus_sinensis_15wks vs miscanthus_sinensis_6wks,FALSE
476,1.0176045584216453,18.528296870785297,1.3974856881458357,0.17150960557730818,0.5610667107446902,-5.790900653056318,miscanthus_sinensis_15wks vs miscanthus_sinensis_6wks,FALSE
3627,0.9263939748623713,20.189495422946,1.3907840941356917,0.17351568671682016,0.5610667107446902,-5.799865489926435,miscanthus_sinensis_15wks vs miscanthus_sinensis_6wks,FALSE
2812,1.0466853785195624,20.42357932567835,1.3905829157317076,0.17357619048884856,0.5610667107446902,-5.8001340178134475,miscanthus_sinensis_15wks vs miscanthus_sinensis_6wks,FALSE
1745,-0.7424450079305132,20.61056942810559,-1.3903799493646953,0.17363724868541766,0.5610667107446902,-5.8004048972450395,miscanthus_sinensis_15wks vs miscanthus_sinensis_6wks,FALSE
2160,-1.0876278010529354,18.877739237046086,-1.3901982328567963,0.1736919285390477,0.5610667107446902,-5.80064738674629,miscanthus_sinensis_15wks vs miscanthus_sinensis_6wks,FALSE
5875,0.7248017193999914,18.21958910856618,1.3867847305660541,0.17472157801203608,0.5611161506033175,-5.805197259707553,miscanthus_sinensis_15wks vs miscanthus_sinensis_6wks,FALSE
4621,-0.8325546824834902,19.191259244998257,-1.386191192948042,0.1749010980072043,0.5611161506033175,-5.8059873736919565,miscanthus_sinensis_15wks vs miscanthus_sinensis_6wks,FALSE
2223,-0.9881836177110337,19.064799941635346,-1.3792703155795587,0.17700500735028424,0.5659343772424054,-5.815178191283289,miscanthus_sinensis_15wks vs miscanthus_sinensis_6wks,FALSE
5406,0.5473770281539814,17.581121088330274,1.373206360297135,0.1788645729649009,0.5699413511423961,-5.82319735599668,miscanthus_sinensis_15wks vs miscanthus_sinensis_6wks,FALSE
1948,0.41211682870005717,25.475687149685744,1.3701491301882087,0.1798078425711753,0.5710113919490026,-5.8272283916565355,miscanthus_sinensis_15wks vs miscanthus_sinensis_6wks,FALSE
261,-0.44585767179410496,24.341495675405525,-1.3666835481860047,0.18088177288701038,0.5724877660396961,-5.831788159410701,miscanthus_sinensis_15wks vs miscanthus_sinensis_6wks,FALSE
863,0.9135026228996814,24.426809485223423,1.3609055053225934,0.1826833612383969,0.5754265268969773,-5.83936758114469,miscanthus_sinensis_15wks vs miscanthus_sinensis_6wks,FALSE
3873,-0.42326259401033894,20.80607144010483,-1.359784140101728,0.183034608023613,0.5754265268969773,-5.840835223636515,miscanthus_sinensis_15wks vs miscanthus_sinensis_6wks,FALSE
5194,1.108492937809796,19.417245391507386,1.3553845974686933,0.18441773813861223,0.5778422461676517,-5.84658290260265,miscanthus_sinensis_15wks vs miscanthus_sinensis_6wks,FALSE
4509,-0.8133209852423242,18.956634523921444,-1.3487235380686824,0.18652722000409555,0.5825102551622917,-5.8552533849740485,miscanthus_sinensis_15wks vs miscanthus_sinensis_6wks,FALSE
4306,-0.8885271447032892,20.641116195257037,-1.3450984068566878,0.18768306469853244,0.5841790755517234,-5.859956035026166,miscanthus_sinensis_15wks vs miscanthus_sinensis_6wks,FALSE
1231,1.2297175576980237,20.98248278422494,1.33876620855804,0.18971528471996024,0.5885556687681934,-5.8681431897987935,miscanthus_sinensis_15wks vs miscanthus_sinensis_6wks,FALSE
2951,0.936230725655804,25.11895431654335,1.3339048534973172,0.19128693056797072,0.5914793247825411,-5.874405129688691,miscanthus_sinensis_15wks vs miscanthus_sinensis_6wks,FALSE
234,0.594806585672849,27.068169805660496,1.328857752447967,0.19292920428911986,0.5946014820713857,-5.880884702923487,miscanthus_sinensis_15wks vs miscanthus_sinensis_6wks,FALSE
307,0.5611519685587005,17.817840811183434,1.3086786732777986,0.19960360500717914,0.6131614010024458,-5.906570352423429,miscanthus_sinensis_15wks vs miscanthus_sinensis_6wks,FALSE
6007,-0.8580482230137711,18.57083364621434,-1.305111524900678,0.2008016032096871,0.6140766885710821,-5.91107411798501,miscanthus_sinensis_15wks vs miscanthus_sinensis_6wks,FALSE
3211,0.6130502402201685,20.23758920249886,1.3008087914605988,0.20225393135143607,0.6140766885710821,-5.9164918639049935,miscanthus_sinensis_15wks vs miscanthus_sinensis_6wks,FALSE
1928,0.7697416896882885,20.822667719994936,1.3003320129271345,0.2024153527063675,0.6140766885710821,-5.917091202110696,miscanthus_sinensis_15wks vs miscanthus_sinensis_6wks,FALSE
4454,0.5045378362572954,23.292698617163424,1.2980191610181508,0.2031998005623896,0.6140766885710821,-5.9199957778315575,miscanthus_sinensis_15wks vs miscanthus_sinensis_6wks,FALSE
920,-0.7116687241374464,19.83721969155406,-1.2962686765896205,0.2037950479011655,0.6140766885710821,-5.922191006893936,miscanthus_sinensis_15wks vs miscanthus_sinensis_6wks,FALSE
509,1.2763720456179364,22.025598403133603,1.2953331067865637,0.20411372940058012,0.6140766885710821,-5.923363179974359,miscanthus_sinensis_15wks vs miscanthus_sinensis_6wks,FALSE
970,1.1096566671518389,19.42662280485109,1.2942753963694216,0.2044744718327114,0.6140766885710821,-5.924687462584834,miscanthus_sinensis_15wks vs miscanthus_sinensis_6wks,FALSE
314,-0.6348348251085341,22.359957032790508,-1.2918851198151886,0.20529148448529852,0.6145668643827408,-5.9276765565783425,miscanthus_sinensis_15wks vs miscanthus_sinensis_6wks,FALSE
2604,-1.017598803322155,18.844908091542383,-1.2865327113663447,0.2071299672610158,0.6181021245249361,-5.934351757098291,miscanthus_sinensis_15wks vs miscanthus_sinensis_6wks,FALSE
5142,0.9611180402387163,19.257444899820072,1.2810271968643756,0.20903404490246794,0.6218101335706324,-5.9411917592642425,miscanthus_sinensis_15wks vs miscanthus_sinensis_6wks,FALSE
4531,-0.5875410745148031,21.536124768665584,-1.2711073235285455,0.21249824196062383,0.6301209698516922,-5.953449094703739,miscanthus_sinensis_15wks vs miscanthus_sinensis_6wks,FALSE
368,0.7526651544591587,25.893572853024068,1.264090317414057,0.21497476576140884,0.6354599994205167,-5.962067399727133,miscanthus_sinensis_15wks vs miscanthus_sinensis_6wks,FALSE
5156,-0.9288265363642836,21.047967574406385,-1.2549546499273727,0.2182315387967368,0.6413589072845928,-5.973222971421278,miscanthus_sinensis_15wks vs miscanthus_sinensis_6wks,FALSE
1544,0.3239230027338067,23.451289909906183,1.2546662603494065,0.21833494716071244,0.6413589072845928,-5.973573927791305,miscanthus_sinensis_15wks vs miscanthus_sinensis_6wks,FALSE
284,0.8043374753916943,21.714103157788468,1.242037025057198,0.22289960898788827,0.6527278269427258,-5.988871170000023,miscanthus_sinensis_15wks vs miscanthus_sinensis_6wks,FALSE
6134,-0.7025602819628389,18.48586244991947,-1.2364223823156726,0.22495172688779494,0.6566913766289666,-5.995626712217702,miscanthus_sinensis_15wks vs miscanthus_sinensis_6wks,FALSE
3596,-1.1195163358182612,21.47079979155641,-1.2296039498773648,0.22746275494869087,0.6605312527556395,-6.003793152517029,miscanthus_sinensis_15wks vs miscanthus_sinensis_6wks,FALSE
117,-0.691008185269542,21.010627296079285,-1.2290370232048864,0.22767247435407148,0.6605312527556395,-6.004470306881205,miscanthus_sinensis_15wks vs miscanthus_sinensis_6wks,FALSE
58,0.9260927731471362,23.192202166395813,1.2206668590670064,0.23078557502494407,0.6666905335134329,-6.014434721127243,miscanthus_sinensis_15wks vs miscanthus_sinensis_6wks,FALSE
1137,-1.2009509732152566,19.676556584649436,-1.2183468070278778,0.231654041607262,0.6666905335134329,-6.017185664875691,miscanthus_sinensis_15wks vs miscanthus_sinensis_6wks,FALSE
1176,0.9490201888329466,18.72033780908806,1.2176290891098254,0.23192319623286445,0.6666905335134329,-6.018035712787727,miscanthus_sinensis_15wks vs miscanthus_sinensis_6wks,FALSE
3552,0.45051122718890824,23.541217774267555,1.2147020397917523,0.23302328594984906,0.6667621867225845,-6.0214977003432955,miscanthus_sinensis_15wks vs miscanthus_sinensis_6wks,FALSE
6045,-0.5442368113646552,24.561056483066366,-1.213243785089561,0.23357279214800472,0.6667621867225845,-6.023219618987597,miscanthus_sinensis_15wks vs miscanthus_sinensis_6wks,FALSE
5690,0.3749743385329012,18.779212942582493,1.2103943096442848,0.23464931529037542,0.6667621867225845,-6.026578843935697,miscanthus_sinensis_15wks vs miscanthus_sinensis_6wks,FALSE
2811,0.5074599461446887,28.52067575547744,1.2070947610248206,0.2359004596555044,0.6667621867225845,-6.03045962999199,miscanthus_sinensis_15wks vs miscanthus_sinensis_6wks,FALSE
232,0.7780559137543257,21.88171597009355,1.2054064230019805,0.23654255989218964,0.6667621867225845,-6.032441631175233,miscanthus_sinensis_15wks vs miscanthus_sinensis_6wks,FALSE
1320,-1.2661249610393206,19.985031536939516,-1.2045961772533436,0.236851166881712,0.6667621867225845,-6.033391906424713,miscanthus_sinensis_15wks vs miscanthus_sinensis_6wks,FALSE
4359,0.4969728983815145,17.309270457939064,1.202905798871772,0.23749595711286514,0.6667621867225845,-6.0353725388398125,miscanthus_sinensis_15wks vs miscanthus_sinensis_6wks,FALSE
1879,-0.8094532137832893,19.666707829914603,-1.2022272659433286,0.23775514599056813,0.6667621867225845,-6.036166866090989,miscanthus_sinensis_15wks vs miscanthus_sinensis_6wks,FALSE
4201,-0.5653985932276733,19.3218725896217,-1.2007190316926928,0.23833201567956214,0.6667621867225845,-6.03793101644103,miscanthus_sinensis_15wks vs miscanthus_sinensis_6wks,FALSE
2777,1.1490274489200019,21.460442895197055,1.1972182114798429,0.23967499011870555,0.6685296460284368,-6.0420180341660545,miscanthus_sinensis_15wks vs miscanthus_sinensis_6wks,FALSE
5693,-0.33931438543309866,17.644920025176226,-1.1912188964842025,0.2419893857682907,0.6726321303380106,-6.048996475345602,miscanthus_sinensis_15wks vs miscanthus_sinensis_6wks,FALSE
279,-1.2440967203785291,20.454681974575376,-1.187577330797537,0.24340221188128303,0.6726321303380106,-6.053216685901761,miscanthus_sinensis_15wks vs miscanthus_sinensis_6wks,FALSE
243,1.329564355796272,22.298687079322054,1.182750105941716,0.24528436862101693,0.6726321303380106,-6.058792677688095,miscanthus_sinensis_15wks vs miscanthus_sinensis_6wks,FALSE
1240,-0.2989672703053756,26.536397897361873,-1.1825419359544824,0.2453657744875836,0.6726321303380106,-6.059032668630352,miscanthus_sinensis_15wks vs miscanthus_sinensis_6wks,FALSE
903,0.24631257245643923,23.468987331764854,1.1820445472625936,0.2455603609327956,0.6726321303380106,-6.0596059312992905,miscanthus_sinensis_15wks vs miscanthus_sinensis_6wks,FALSE
273,0.8560896583479476,21.643743714277747,1.1810071307718784,0.24596657899507193,0.6726321303380106,-6.060800887358066,miscanthus_sinensis_15wks vs miscanthus_sinensis_6wks,FALSE
1923,0.5130761159315753,24.233274980996036,1.1805270304718687,0.24615473705986773,0.6726321303380106,-6.061353568350227,miscanthus_sinensis_15wks vs miscanthus_sinensis_6wks,FALSE
1513,0.8856406050003436,19.24710881752302,1.1783854598542074,0.2469953334404147,0.6729727925622894,-6.063816383419501,miscanthus_sinensis_15wks vs miscanthus_sinensis_6wks,FALSE
4038,0.949174874210982,20.739004013051023,1.1627674176366745,0.25318924816062466,0.6849409132401979,-6.0816528227350215,miscanthus_sinensis_15wks vs miscanthus_sinensis_6wks,FALSE
2637,0.784323443549539,27.657424489449056,1.1623625524087315,0.2533513036821547,0.6849409132401979,-6.082112282713973,miscanthus_sinensis_15wks vs miscanthus_sinensis_6wks,FALSE
6259,-0.7876602280644462,19.672679100613074,-1.1607892471477068,0.2539817679686716,0.6849409132401979,-6.083896343973127,miscanthus_sinensis_15wks vs miscanthus_sinensis_6wks,FALSE
3050,1.0470965463812014,20.18066992014023,1.156826869683779,0.25557465187825845,0.6849409132401979,-6.088379647141569,miscanthus_sinensis_15wks vs miscanthus_sinensis_6wks,FALSE
5787,-0.39697286242613217,17.456229030278106,-1.1562605087453257,0.25580292182711967,0.6849409132401979,-6.089019312421486,miscanthus_sinensis_15wks vs miscanthus_sinensis_6wks,FALSE
2257,0.8039279599641276,18.3940218783022,1.1535752319937724,0.25688722988020307,0.6849409132401979,-6.092048215304158,miscanthus_sinensis_15wks vs miscanthus_sinensis_6wks,FALSE
118,0.9906158452934797,21.751446092888763,1.1490937425180214,0.2587042660006629,0.6849409132401979,-6.09708872119819,miscanthus_sinensis_15wks vs miscanthus_sinensis_6wks,FALSE
4500,-0.29047947842433075,17.317685918997498,-1.1482181475606246,0.25906036405260663,0.6849409132401979,-6.0980714232275215,miscanthus_sinensis_15wks vs miscanthus_sinensis_6wks,FALSE
3300,0.8926971414768161,19.42906435791896,1.1446653398476128,0.2605089075104176,0.6849409132401979,-6.102051733536487,miscanthus_sinensis_15wks vs miscanthus_sinensis_6wks,FALSE
41,-0.6283842974695979,25.235606937078938,-1.1432252075977254,0.2610977411041849,0.6849409132401979,-6.1036619105849255,miscanthus_sinensis_15wks vs miscanthus_sinensis_6wks,FALSE
1335,-0.8904506664299809,19.818285126409002,-1.1422533291303614,0.2614956610218168,0.6849409132401979,-6.104747486523571,miscanthus_sinensis_15wks vs miscanthus_sinensis_6wks,FALSE
2094,0.6801493490934227,22.08928691934353,1.140577301059635,0.26218291287680756,0.6849409132401979,-6.10661758533108,miscanthus_sinensis_15wks vs miscanthus_sinensis_6wks,FALSE
2438,1.0108412367948034,19.52116849010022,1.1404238966797602,0.26224588113399683,0.6849409132401979,-6.106788626011524,miscanthus_sinensis_15wks vs miscanthus_sinensis_6wks,FALSE
2465,-0.8310149177434845,20.037265074953726,-1.1398262384918876,0.2624913074624614,0.6849409132401979,-6.107454791920915,miscanthus_sinensis_15wks vs miscanthus_sinensis_6wks,FALSE
316,0.6759075397222212,21.016726447769074,1.139117291938735,0.2627826489726225,0.6849409132401979,-6.1082445845043765,miscanthus_sinensis_15wks vs miscanthus_sinensis_6wks,FALSE
1305,-0.7043048305558344,21.92280397705749,-1.1384758340540666,0.263046457106076,0.6849409132401979,-6.108958800972748,miscanthus_sinensis_15wks vs miscanthus_sinensis_6wks,FALSE
5058,0.3523945340067449,16.943287070699498,1.1366734780797494,0.26378872292429845,0.6849762418476257,-6.110963602730956,miscanthus_sinensis_15wks vs miscanthus_sinensis_6wks,FALSE
6015,0.8191440307905573,21.384272145287415,1.1340206980071812,0.26488396553166205,0.6859254203850201,-6.1139090095423905,miscanthus_sinensis_15wks vs miscanthus_sinensis_6wks,FALSE
2166,-0.7540437474370449,21.28119710256615,-1.1289126182317588,0.2670021375460867,0.6895110145420921,-6.11956263128287,miscanthus_sinensis_15wks vs miscanthus_sinensis_6wks,FALSE
2895,-0.536067710416706,24.753005566961146,-1.1192383623348268,0.27104708725202703,0.698039074018919,-6.1302053473759965,miscanthus_sinensis_15wks vs miscanthus_sinensis_6wks,FALSE
17,-0.680911180986925,20.662593930853003,-1.1145388189651435,0.27302780327980186,0.6993568597717974,-6.135344723119664,miscanthus_sinensis_15wks vs miscanthus_sinensis_6wks,FALSE
1694,-0.3503985142286048,24.917340157898842,-1.1144939262872704,0.27304677397473365,0.6993568597717974,-6.1353937206682625,miscanthus_sinensis_15wks vs miscanthus_sinensis_6wks,FALSE
2635,-0.5946136549911287,22.084030252706032,-1.108626426645692,0.2755343713350685,0.6996755347178317,-6.141781975351957,miscanthus_sinensis_15wks vs miscanthus_sinensis_6wks,FALSE
4875,-0.3261127370766985,17.970260260948013,-1.1067073269290537,0.2763514954062386,0.6996755347178317,-6.1438646102402314,miscanthus_sinensis_15wks vs miscanthus_sinensis_6wks,FALSE
2959,0.4379261573417139,18.030298275501668,1.1045975590501245,0.27725179491029417,0.6996755347178317,-6.14615029636445,miscanthus_sinensis_15wks vs miscanthus_sinensis_6wks,FALSE
206,-0.5639630336044057,22.1093038181991,-1.1042953015468888,0.2773809479052057,0.6996755347178317,-6.14647742536021,miscanthus_sinensis_15wks vs miscanthus_sinensis_6wks,FALSE
423,1.0234582343951146,20.28098354256483,1.10416334231783,0.27743734680404075,0.6996755347178317,-6.1466202168929085,miscanthus_sinensis_15wks vs miscanthus_sinensis_6wks,FALSE
5558,-0.669770617411821,18.85067550998418,-1.1036958738174147,0.2776372068614375,0.6996755347178317,-6.14712593160084,miscanthus_sinensis_15wks vs miscanthus_sinensis_6wks,FALSE
4990,-0.8745756967412781,20.024281072857967,-1.1004085751194606,0.27904554371088813,0.7013444146744247,-6.1506765662719145,miscanthus_sinensis_15wks vs miscanthus_sinensis_6wks,FALSE
2613,0.9326441979131985,19.510551078730828,1.0961967371114958,0.28085738307789204,0.7040158402485828,-6.155211423060287,miscanthus_sinensis_15wks vs miscanthus_sinensis_6wks,FALSE
1867,-0.4835406265240927,21.381244603117008,-1.0930783827174324,0.28220419985291634,0.7055104996322908,-6.158558519976187,miscanthus_sinensis_15wks vs miscanthus_sinensis_6wks,FALSE
5082,0.7510207772402708,20.94530059264442,1.0812668974821087,0.28734706716233155,0.7148394194433538,-6.171155980671106,miscanthus_sinensis_15wks vs miscanthus_sinensis_6wks,FALSE
5922,0.8321048240030464,18.501378443142666,1.0810167327533922,0.28745670271232737,0.7148394194433538,-6.171421414427207,miscanthus_sinensis_15wks vs miscanthus_sinensis_6wks,FALSE
1916,-0.40694541968388975,24.73792338135988,-1.0723533437987962,0.29127167851523794,0.7212125154986893,-6.180578273456544,miscanthus_sinensis_15wks vs miscanthus_sinensis_6wks,FALSE
223,-0.7816870532921492,18.849654181501872,-1.071715413402413,0.2915539956271297,0.7212125154986893,-6.181249825953844,miscanthus_sinensis_15wks vs miscanthus_sinensis_6wks,FALSE
1315,-0.7545173004510026,21.48160505192761,-1.0672717429347114,0.29352588405058505,0.7219743336898448,-6.185917359762636,miscanthus_sinensis_15wks vs miscanthus_sinensis_6wks,FALSE
5,-0.270220619053557,28.795317895090232,-1.0632946211953043,0.29529865750127166,0.7219743336898448,-6.190079496261388,miscanthus_sinensis_15wks vs miscanthus_sinensis_6wks,FALSE
1367,0.799851829298678,20.121621313996076,1.0632863809837603,0.29530233828376207,0.7219743336898448,-6.1900881047506315,miscanthus_sinensis_15wks vs miscanthus_sinensis_6wks,FALSE
2034,0.9837441932539441,22.54029467924009,1.063128261230166,0.29537297429809806,0.7219743336898448,-6.190253279248385,miscanthus_sinensis_15wks vs miscanthus_sinensis_6wks,FALSE
4288,-0.64019407906536685,21.70218192185181,-1.0607485066398719,0.2964374987223908,0.7219743336898448,-6.1927364401790275,miscanthus_sinensis_15wks vs miscanthus_sinensis_6wks,FALSE
98,-0.9840715485429783,23.50986563334676,-1.0593498813243734,0.2970643899006345,0.7219743336898448,-6.1941934150442215,miscanthus_sinensis_15wks vs miscanthus_sinensis_6wks,FALSE
2228,-0.9117890213063014,20.448452053934837,-1.0589620905448323,0.2972383692957127,0.7219743336898448,-6.194597066268476,miscanthus_sinensis_15wks vs miscanthus_sinensis_6wks,FALSE
87,0.4802569876327851,18.414028988384022,1.0553856396427335,0.2988462742436642,0.7240090149202174,-6.1983132841923725,miscanthus_sinensis_15wks vs miscanthus_sinensis_6wks,FALSE
4631,-0.3572844683319474,17.775799510557025,-1.0515709504212407,0.30056796614014114,0.7248738528930203,-6.202264102211383,miscanthus_sinensis_15wks vs miscanthus_sinensis_6wks,FALSE
249,0.7810939800087269,21.96033650492488,1.051178385592376,0.30074553471093396,0.7248738528930203,-6.202669916998663,miscanthus_sinensis_15wks vs miscanthus_sinensis_6wks,FALSE
5020,-0.5774652491090926,21.892253970719594,-1.0477213801752505,0.3023123948517606,0.7261102043931674,-6.206237486530465,miscanthus_sinensis_15wks vs miscanthus_sinensis_6wks,FALSE
2872,0.8108531669574575,22.161281447231097,1.044434695986016,0.30380731535513855,0.7261102043931674,-6.209619093909326,miscanthus_sinensis_15wks vs miscanthus_sinensis_6wks,FALSE
6267,-0.30232864315827257,16.764760407996178,-1.0433677488832416,0.304293709403987,0.7261102043931674,-6.210714718285514,miscanthus_sinensis_15wks vs miscanthus_sinensis_6wks,FALSE
3293,0.36090323932943136,17.217211816182655,1.043248030440693,0.3043483197137319,0.7261102043931674,-6.210837589117643,miscanthus_sinensis_15wks vs miscanthus_sinensis_6wks,FALSE
4648,-0.2759318948214222,19.794490688751342,-1.0399887578759814,0.30583767138277296,0.7261711395767715,-6.214177613502931,miscanthus_sinensis_15wks vs miscanthus_sinensis_6wks,FALSE
59,-0.3873511501364675,27.594429185661568,-1.0395481321627476,0.30603940602513935,0.7261711395767715,-6.214628405421923,miscanthus_sinensis_15wks vs miscanthus_sinensis_6wks,FALSE
2968,-0.5437402110928176,18.715875733008744,-1.0381253706909535,0.3066914280978492,0.7261711395767715,-6.21608277187083,miscanthus_sinensis_15wks vs miscanthus_sinensis_6wks,FALSE
4568,-0.580545920107923,19.494485357250685,-1.0330294944813194,0.30903465347469117,0.7298808398648484,-6.221276538257376,miscanthus_sinensis_15wks vs miscanthus_sinensis_6wks,FALSE
3763,0.38900861689101873,27.287592245877573,1.0278113658286072,0.31144688517258734,0.7323518997879397,-6.226570084247836,miscanthus_sinensis_15wks vs miscanthus_sinensis_6wks,FALSE
1402,-0.21662068162664383,23.959779720580485,-1.0273967551701235,0.3116391062927403,0.7323518997879397,-6.226989609467438,miscanthus_sinensis_15wks vs miscanthus_sinensis_6wks,FALSE
6046,0.5599801553734878,22.12925469358659,1.017399909101754,0.3162985896143601,0.7400391854284152,-6.237056872235408,miscanthus_sinensis_15wks vs miscanthus_sinensis_6wks,FALSE
4197,1.0632400313455115,19.893040705983573,1.01700241489804,0.3164848431300244,0.7400391854284152,-6.237455256448337,miscanthus_sinensis_15wks vs miscanthus_sinensis_6wks,FALSE
2975,0.4036470530616043,17.92331852381616,1.013724073524346,0.3180238419582335,0.7417925842201972,-6.240735363027431,miscanthus_sinensis_15wks vs miscanthus_sinensis_6wks,FALSE
113,-1.1923129015158516,20.337696346618635,-1.0081529530478386,0.3206509146997991,0.746068959945077,-6.246286661301108,miscanthus_sinensis_15wks vs miscanthus_sinensis_6wks,FALSE
1461,1.0427365133894568,19.791393795970407,1.001926231006685,0.32360464037537806,0.7500192896437929,-6.252457191230016,miscanthus_sinensis_15wks vs miscanthus_sinensis_6wks,FALSE
130,-0.5481032153707197,25.039527669464047,-0.9993057286185435,0.3248532350045361,0.7500192896437929,-6.255043293906929,miscanthus_sinensis_15wks vs miscanthus_sinensis_6wks,FALSE
188,-0.37539061156352815,22.79582927670141,-0.9956331913087,0.3266086039419066,0.7500192896437929,-6.258656895530901,miscanthus_sinensis_15wks vs miscanthus_sinensis_6wks,FALSE
4608,-0.6814199528746379,19.838614255009393,-0.993709714190866,0.3275305380183503,0.7500192896437929,-6.26054450747402,miscanthus_sinensis_15wks vs miscanthus_sinensis_6wks,FALSE
3951,0.6188428254813445,18.26064142585968,0.9937020897646293,0.32753419596228517,0.7500192896437929,-6.2605519828964,miscanthus_sinensis_15wks vs miscanthus_sinensis_6wks,FALSE
4747,-0.3828747928456373,22.335870970897354,-0.9936759742832578,0.3275467255042782,0.7500192896437929,-6.260577587594661,miscanthus_sinensis_15wks vs miscanthus_sinensis_6wks,FALSE
1991,0.5597759925060473,19.052796500862762,0.9925976949448629,0.3280643404084995,0.7500192896437929,-6.261634224042774,miscanthus_sinensis_15wks vs miscanthus_sinensis_6wks,FALSE
3768,0.7978106087046442,24.728961120438726,0.989990107856899,0.3293183729884376,0.7500192896437929,-6.2641850064574145,miscanthus_sinensis_15wks vs miscanthus_sinensis_6wks,FALSE
1697,1.0390977888742157,22.127311706287507,0.9890044879101011,0.3297932188633763,0.7500192896437929,-6.2651475091969475,miscanthus_sinensis_15wks vs miscanthus_sinensis_6wks,FALSE
210,-0.7350326691730906,22.056182135214375,-0.9877786105825785,0.33038446105031494,0.7500192896437929,-6.266343373772775,miscanthus_sinensis_15wks vs miscanthus_sinensis_6wks,FALSE
4428,-0.5787311682379119,18.982038512095027,-0.9862441627338866,0.3311255374491213,0.7500192896437929,-6.267838284560774,miscanthus_sinensis_15wks vs miscanthus_sinensis_6wks,FALSE
2549,-0.4696269400025024,19.05343241363459,-0.9818625671816602,0.33324785454392647,0.7530119790175261,-6.2720949230029515,miscanthus_sinensis_15wks vs miscanthus_sinensis_6wks,FALSE
5579,0.4890932113905535,18.35724940328237,0.9786781760228812,0.3347960282252045,0.7546960828098136,-6.275177284807713,miscanthus_sinensis_15wks vs miscanthus_sinensis_6wks,FALSE
5065,0.7153818105389114,20.496353856392595,0.9763632976514458,0.3359245029080027,0.7554283079749342,-6.277412064299524,miscanthus_sinensis_15wks vs miscanthus_sinensis_6wks,FALSE
124,0.6414501040549787,18.347395692897205,0.9701396808813136,0.33897111756944043,0.7604602637596038,-6.2833955654949145,miscanthus_sinensis_15wks vs miscanthus_sinensis_6wks,FALSE
5341,-0.5041485675770794,19.13995877769449,-0.9603706542192846,0.34379057213232045,0.7646875128822811,-6.292714795299964,miscanthus_sinensis_15wks vs miscanthus_sinensis_6wks,FALSE
4252,0.46543587901224015,19.654467735989698,0.9599844386111321,0.34398204354479356,0.7646875128822811,-6.293081396601322,miscanthus_sinensis_15wks vs miscanthus_sinensis_6wks,FALSE
5352,0.3152811972807896,17.329908003357346,0.9597435978877098,0.3441014794931524,0.7646875128822811,-6.293309935439247,miscanthus_sinensis_15wks vs miscanthus_sinensis_6wks,FALSE
244,0.8413866921371813,19.076613091319977,0.9597276669996428,0.34410938079702647,0.7646875128822811,-6.293325050683028,miscanthus_sinensis_15wks vs miscanthus_sinensis_6wks,FALSE
5321,-0.5113978329428335,18.38913241615805,-0.9553699977264688,0.34627521709277376,0.766534229102988,-6.29745070302873,miscanthus_sinensis_15wks vs miscanthus_sinensis_6wks,FALSE
159,0.842931720667611,18.701002692961296,0.954775636265596,0.34657132698805304,0.766534229102988,-6.2980120424573824,miscanthus_sinensis_15wks vs miscanthus_sinensis_6wks,FALSE
236,0.7049929633304863,22.978926358936597,0.9503011908715234,0.3488058975870141,0.7666266565302482,-6.30222728227058,miscanthus_sinensis_15wks vs miscanthus_sinensis_6wks,FALSE
2417,-0.5214591623167522,20.792127029943327,-0.9499397530995545,0.3489868190876608,0.7666266565302482,-6.302566963900399,miscanthus_sinensis_15wks vs miscanthus_sinensis_6wks,FALSE
481,-0.7240018629032505,23.120184075041337,-0.94979399634414,0.34905979680313426,0.7666266565302482,-6.302703912465186,miscanthus_sinensis_15wks vs miscanthus_sinensis_6wks,FALSE
4421,-0.38418158318571827,20.62591942293684,-0.9448803023141474,0.35152592069395117,0.7700703275905932,-6.30730902696686,miscanthus_sinensis_15wks vs miscanthus_sinensis_6wks,FALSE
6013,-0.5136627472033837,19.365951700581544,-0.943409745904178,0.3522662136850586,0.7700703275905932,-6.308682834688453,miscanthus_sinensis_15wks vs miscanthus_sinensis_6wks,FALSE
148,0.8694423734310597,19.928946630459603,0.93785784662067,0.3550703896078641,0.7739137906929217,-6.313851195685013,miscanthus_sinensis_15wks vs miscanthus_sinensis_6wks,FALSE
4564,0.6573506431854454,18.770921141824754,0.9366724485140361,0.3556710187014278,0.7739137906929217,-6.314950958278761,miscanthus_sinensis_15wks vs miscanthus_sinensis_6wks,FALSE
429,0.9547767634599928,20.35517379772296,0.9326413172608956,0.35771856210002784,0.7765714743049104,-6.318681004724634,miscanthus_sinensis_15wks vs miscanthus_sinensis_6wks,FALSE
190,-0.9648027601043445,19.380300976920324,-0.9306674622530544,0.35872397127717215,0.7769597534574697,-6.320501868283164,miscanthus_sinensis_15wks vs miscanthus_sinensis_6wks,FALSE
599,0.44490974766653935,18.065533021011507,0.9275657929282939,0.3603075969288553,0.7785957266968367,-6.323355736249733,miscanthus_sinensis_15wks vs miscanthus_sinensis_6wks,FALSE
472,0.8209393795549431,21.203328814728167,0.9252441646539007,0.3614959534627049,0.7793720097590427,-6.32548596659779,miscanthus_sinensis_15wks vs miscanthus_sinensis_6wks,FALSE
2910,0.7877668202332515,21.09539979890255,0.9223103528063326,0.36300133470917084,0.7795863608280661,-6.328170662989049,miscanthus_sinensis_15wks vs miscanthus_sinensis_6wks,FALSE
350,0.4148415314697296,22.416670355793677,0.9218185821899952,0.363254070258184,0.7795863608280661,-6.328619884242401,miscanthus_sinensis_15wks vs miscanthus_sinensis_6wks,FALSE
3002,-0.6675270779748317,19.844730372619487,-0.9179427621394175,0.3652499973723652,0.7804076236274861,-6.332152393762793,miscanthus_sinensis_15wks vs miscanthus_sinensis_6wks,FALSE
19,-0.1962135591905323,27.235610833858313,-0.9178512967720353,0.36529718552775947,0.7804076236274861,-6.33223558660029,miscanthus_sinensis_15wks vs miscanthus_sinensis_6wks,FALSE
3107,-0.566002904360154,20.55077771305624,-0.9112420007067203,0.3687175379434685,0.7853355788014418,-6.338226256485069,miscanthus_sinensis_15wks vs miscanthus_sinensis_6wks,FALSE
3886,-0.3185377725018981,22.960786262932615,-0.9101689374959645,0.3692748147130184,0.7853355788014418,-6.3391949984777,miscanthus_sinensis_15wks vs miscanthus_sinensis_6wks,FALSE
2608,-0.42016131896535924,23.765568254482453,-0.9052895901131055,0.3718157201275074,0.7889543497062234,-6.3435862942786105,miscanthus_sinensis_15wks vs miscanthus_sinensis_6wks,FALSE
1351,-0.39176373701497624,20.597170940400133,-0.8911774130317754,0.3792282136312699,0.801969680073536,-6.35616044381899,miscanthus_sinensis_15wks vs miscanthus_sinensis_6wks,FALSE
5050,0.4112126844684987,24.536921571855206,0.8902502075513758,0.37971853979658066,0.801969680073536,-6.356980009589851,miscanthus_sinensis_15wks vs miscanthus_sinensis_6wks,FALSE
396,0.5899242447507653,19.95224867173655,0.8887570336819098,0.3805090184178692,0.801969680073536,-6.358298131415674,miscanthus_sinensis_15wks vs miscanthus_sinensis_6wks,FALSE
3991,0.312482037267209,25.425971218809767,0.884717931596678,0.3826525903539677,0.8042351289294256,-6.361853140797529,miscanthus_sinensis_15wks vs miscanthus_sinensis_6wks,FALSE
4789,-0.5232912903643268,18.964172830030567,-0.8835101991279626,0.3832950401706199,0.8042351289294256,-6.362913126345752,miscanthus_sinensis_15wks vs miscanthus_sinensis_6wks,FALSE
3952,0.39823116857479235,17.49818597201809,0.8816527450664567,0.38428445470655204,0.8045153394747415,-6.3645406554279464,miscanthus_sinensis_15wks vs miscanthus_sinensis_6wks,FALSE
3325,0.29274006755297677,17.44494066640033,0.8750364536271525,0.3878220283070568,0.8101171257969632,-6.3703113978531825,miscanthus_sinensis_15wks vs miscanthus_sinensis_6wks,FALSE
3832,-0.5161583420360039,19.56364330402328,-0.8703614479067097,0.39033411400431206,0.812034435768819,-6.374363930670118,miscanthus_sinensis_15wks vs miscanthus_sinensis_6wks,FALSE
2409,0.6493238633289451,19.073457017135624,0.8699863241484141,0.3905361316643381,0.812034435768819,-6.374688208683995,miscanthus_sinensis_15wks vs miscanthus_sinensis_6wks,FALSE
10,0.5150816704896677,25.309039071343996,0.8671958623908008,0.3920409799225433,0.812034435768819,-6.377096249722158,miscanthus_sinensis_15wks vs miscanthus_sinensis_6wks,FALSE
1999,-0.2875347626608118,22.579726961609637,-0.8669099868373574,0.3921953551479189,0.812034435768819,-6.377342529979426,miscanthus_sinensis_15wks vs miscanthus_sinensis_6wks,FALSE
4405,0.4490797818796288,18.503631532374918,0.8647663114967217,0.3933541859733969,0.8125403974026284,-6.379186822911698,miscanthus_sinensis_15wks vs miscanthus_sinensis_6wks,FALSE
4283,0.4668215127374822,23.830881701782875,0.8632159928069595,0.39419360910757273,0.8125403974026284,-6.380517907836612,miscanthus_sinensis_15wks vs miscanthus_sinensis_6wks,FALSE
228,1.134026362527198,20.554658506250725,0.8587908502309106,0.39659583979135704,0.8125403974026284,-6.384304723978583,miscanthus_sinensis_15wks vs miscanthus_sinensis_6wks,FALSE
3548,-0.6865781748482185,20.2922501223041,-0.8585889544790717,0.39670566075315994,0.8125403974026284,-6.384477052484865,miscanthus_sinensis_15wks vs miscanthus_sinensis_6wks,FALSE
953,-0.554447806921214,20.188171333477506,-0.8572790314926708,0.3974186578659723,0.8125403974026284,-6.385594198659363,miscanthus_sinensis_15wks vs miscanthus_sinensis_6wks,FALSE
1786,0.6736910951291968,28.421029801459177,0.8568981004663601,0.39762615192043516,0.8125403974026284,-6.385918763274185,miscanthus_sinensis_15wks vs miscanthus_sinensis_6wks,FALSE
2514,0.6265256189501471,25.00115544457328,0.8486311125007524,0.40214600662368916,0.8159134002520225,-6.392928488827429,miscanthus_sinensis_15wks vs miscanthus_sinensis_6wks,FALSE
507,-0.42880469814173594,21.87091839239132,-0.8461666869402987,0.403499606227097,0.8159134002520225,-6.395005536047269,miscanthus_sinensis_15wks vs miscanthus_sinensis_6wks,FALSE
842,-0.5565428929368181,20.867567508745342,-0.8459850077118188,0.4035995073558638,0.8159134002520225,-6.3951584286089105,miscanthus_sinensis_15wks vs miscanthus_sinensis_6wks,FALSE
3820,-0.2754647792756799,23.1751871066887,-0.8444259064629814,0.4044574569272412,0.8159134002520225,-6.396469201459252,miscanthus_sinensis_15wks vs miscanthus_sinensis_6wks,FALSE
4230,0.6119424210258089,22.608490574815587,0.8426731477334709,0.405423334197356,0.8159134002520225,-6.3979400221832305,miscanthus_sinensis_15wks vs miscanthus_sinensis_6wks,FALSE
2221,-0.6053236281863654,18.714579821196555,-0.841367980751798,0.4061434963353555,0.8159134002520225,-6.399033346866012,miscanthus_sinensis_15wks vs miscanthus_sinensis_6wks,FALSE
5921,0.542661228391804,18.24418846081368,0.8406552365817672,0.40653710965714507,0.8159134002520225,-6.399629719936057,miscanthus_sinensis_15wks vs miscanthus_sinensis_6wks,FALSE
204,-0.16425267356528295,23.48452630963617,-0.839612017151293,0.4071136571103129,0.8159134002520225,-6.400501738036645,miscanthus_sinensis_15wks vs miscanthus_sinensis_6wks,FALSE
5037,0.5138919470987986,21.658285360322846,0.8385154446947028,0.40772024010090646,0.8159134002520225,-6.401417235199361,miscanthus_sinensis_15wks vs miscanthus_sinensis_6wks,FALSE
3236,-0.6200560515886231,20.783227578043302,-0.8380882509285753,0.40795670012601126,0.8159134002520225,-6.401773576858578,miscanthus_sinensis_15wks vs miscanthus_sinensis_6wks,FALSE
2655,0.7139093309778097,19.30831009805571,0.8310142713942746,0.411884694422637,0.8203181639197739,-6.407649000139905,miscanthus_sinensis_15wks vs miscanthus_sinensis_6wks,FALSE
3733,0.6311875932989253,19.170021404744322,0.8291674913538126,0.41291401182749776,0.8203181639197739,-6.409175017433523,miscanthus_sinensis_15wks vs miscanthus_sinensis_6wks,FALSE
81,0.29220441179075607,22.311814906764745,0.8283684688679864,0.4133598467304319,0.8203181639197739,-6.409834250579749,miscanthus_sinensis_15wks vs miscanthus_sinensis_6wks,FALSE
998,-0.3267801137195221,21.235196834298556,-0.8278491071682943,0.4136497975510349,0.8203181639197739,-6.410262422843543,miscanthus_sinensis_15wks vs miscanthus_sinensis_6wks,FALSE
2256,0.5572298742525703,20.148989356888173,0.8258404716843907,0.4147723689945273,0.8208126881154856,-6.41191595797273,miscanthus_sinensis_15wks vs miscanthus_sinensis_6wks,FALSE
1730,0.5952373046775925,18.692764431642374,0.8220822630597262,0.41687778055071467,0.8226983459511784,-6.414999413326535,miscanthus_sinensis_15wks vs miscanthus_sinensis_6wks,FALSE
555,-0.18204290596968065,20.848835255557983,-0.821017187849897,0.4174756500199065,0.8226983459511784,-6.415870809232006,miscanthus_sinensis_15wks vs miscanthus_sinensis_6wks,FALSE
3961,0.4834013524264016,18.95548510283916,0.8168051287460081,0.41984521944853415,0.8256370424301717,-6.419306299014617,miscanthus_sinensis_15wks vs miscanthus_sinensis_6wks,FALSE
1975,0.45789680863789783,18.560465615469997,0.8071589618055233,0.4253028917348143,0.8288177548876912,-6.427110075741641,miscanthus_sinensis_15wks vs miscanthus_sinensis_6wks,FALSE
2207,0.3696178007857327,17.522352141707973,0.8070155170425961,0.4253843764675156,0.8288177548876912,-6.427225450776404,miscanthus_sinensis_15wks vs miscanthus_sinensis_6wks,FALSE
128,-0.6085783681571755,20.665505619909275,-0.805847109236515,0.4260484530586185,0.8288177548876912,-6.428164486722301,miscanthus_sinensis_15wks vs miscanthus_sinensis_6wks,FALSE
1662,-0.7020796251130577,21.535459169267074,-0.8056922948590407,0.4261364908277988,0.8288177548876912,-6.428288811142619,miscanthus_sinensis_15wks vs miscanthus_sinensis_6wks,FALSE
3326,0.6384949913884839,21.32051698977625,0.805530903592969,0.426228280466428,0.8288177548876912,-6.428418392719683,miscanthus_sinensis_15wks vs miscanthus_sinensis_6wks,FALSE
1496,-0.21115534406192893,22.11673990610876,-0.8046087596769016,0.42675297166557713,0.8288177548876912,-6.4291583064594535,miscanthus_sinensis_15wks vs miscanthus_sinensis_6wks,FALSE
1233,-0.34303632347282687,19.608881598283215,-0.7936837019622474,0.43299913446643845,0.8392148173163961,-6.437862362697079,miscanthus_sinensis_15wks vs miscanthus_sinensis_6wks,FALSE
4377,0.4940978415749129,20.772411011258697,0.7918183439636127,0.4340711151716129,0.8395614161755476,-6.439337060811925,miscanthus_sinensis_15wks vs miscanthus_sinensis_6wks,FALSE
193,0.9177736402617711,21.987689277580998,0.7861580311117974,0.43733377447415955,0.8441350061718891,-6.443791491355907,miscanthus_sinensis_15wks vs miscanthus_sinensis_6wks,FALSE
3834,-0.33304800978377713,22.63479090890795,-0.7817610981824289,0.4398783661645618,0.8472781319322195,-6.447230453922099,miscanthus_sinensis_15wks vs miscanthus_sinensis_6wks,FALSE
2038,-0.6929049767844688,19.52344323388627,-0.7788125151737741,0.4415897345469536,0.8472781319322195,-6.449526212273406,miscanthus_sinensis_15wks vs miscanthus_sinensis_6wks,FALSE
2117,0.1973935077635396,22.348285923572423,0.7786808260924887,0.44166626026253997,0.8472781319322195,-6.4496285499892645,miscanthus_sinensis_15wks vs miscanthus_sinensis_6wks,FALSE
274,0.781416022591582,20.882552987868383,0.7703697517114775,0.44651194146628903,0.8548293787745656,-6.4560534656756206,miscanthus_sinensis_15wks vs miscanthus_sinensis_6wks,FALSE
1268,0.6422270803995751,22.945960352791516,0.7648050657922172,0.4497739839913242,0.859324278357408,-6.460318104195978,miscanthus_sinensis_15wks vs miscanthus_sinensis_6wks,FALSE
120,-0.15559780545351387,23.648355117409277,-0.7632011493242928,0.4507168229441285,0.8593544139154411,-6.461541767671657,miscanthus_sinensis_15wks vs miscanthus_sinensis_6wks,FALSE
1549,0.7546382859290368,20.078199702745646,0.7606496159656823,0.4522191135145637,0.8593544139154411,-6.463483279292357,miscanthus_sinensis_15wks vs miscanthus_sinensis_6wks,FALSE
4092,0.33545741436204324,22.41105091658726,0.7595080179625662,0.45289222003364416,0.8593544139154411,-6.464349911176523,miscanthus_sinensis_15wks vs miscanthus_sinensis_6wks,FALSE
2337,0.8452010671413888,20.919968984509303,0.7585685604328885,0.4534465843638923,0.8593544139154411,-6.465062147648217,miscanthus_sinensis_15wks vs miscanthus_sinensis_6wks,FALSE
5176,0.4720060803542552,18.477363973143756,0.7476901594475114,0.4598949128964046,0.8698213644318317,-6.473247431763637,miscanthus_sinensis_15wks vs miscanthus_sinensis_6wks,FALSE
4153,0.4006960602602767,19.381355565525762,0.7424337017021584,0.4630298908544287,0.8733131381008856,-6.477161623293238,miscanthus_sinensis_15wks vs miscanthus_sinensis_6wks,FALSE
1359,0.6199703344455934,20.23693785243256,0.7414813498989692,0.463599208417385,0.8733131381008856,-6.477867929597809,miscanthus_sinensis_15wks vs miscanthus_sinensis_6wks,FALSE
5428,0.22376791241646643,17.612368298421785,0.7371133241594449,0.46621563942630073,0.8764854021214453,-6.481096216651876,miscanthus_sinensis_15wks vs miscanthus_sinensis_6wks,FALSE
2044,-0.27153772744442506,26.942757809459707,-0.7354318674437905,0.46722510645372717,0.8766299402525021,-6.482334015975429,miscanthus_sinensis_15wks vs miscanthus_sinensis_6wks,FALSE
131,-0.24675279067018607,31.642399168253483,-0.7323415209182065,0.46908370501926444,0.8777646963323276,-6.484601831427133,miscanthus_sinensis_15wks vs miscanthus_sinensis_6wks,FALSE
3275,0.4297001427051086,24.193190113890576,0.73076280150108,0.47003482756382464,0.8777646963323276,-6.485756789689876,miscanthus_sinensis_15wks vs miscanthus_sinensis_6wks,FALSE
3619,-0.5086897766776914,19.28432741949454,-0.7297737155676566,0.4706312839909501,0.8777646963323276,-6.486479155052199,miscanthus_sinensis_15wks vs miscanthus_sinensis_6wks,FALSE
4430,0.5229923259281293,18.895371865653715,0.7274912328060402,0.47200937388311814,0.8785917058418438,-6.488142519933572,miscanthus_sinensis_15wks vs miscanthus_sinensis_6wks,FALSE
3790,0.18972326607520174,29.141283371673584,0.7251866487534815,0.4734031637474494,0.8794446124952617,-6.4898168720606355,miscanthus_sinensis_15wks vs miscanthus_sinensis_6wks,FALSE
824,0.3717693171984351,17.710961504499878,0.7197675781198447,0.47668987379369976,0.8795636595289558,-6.493733718596884,miscanthus_sinensis_15wks vs miscanthus_sinensis_6wks,FALSE
1968,0.4370585612282518,19.11979307995098,0.7190949024933861,0.4770987668447645,0.8795636595289558,-6.494217935434289,miscanthus_sinensis_15wks vs miscanthus_sinensis_6wks,FALSE
3816,0.38320535619071094,18.16321024986505,0.719014200877685,0.47714783566480334,0.8795636595289558,-6.494275997973703,miscanthus_sinensis_15wks vs miscanthus_sinensis_6wks,FALSE
20,0.1925294105041786,21.975089458663113,0.7147472963577453,0.47974634142682726,0.8795636595289558,-6.49733692074282,miscanthus_sinensis_15wks vs miscanthus_sinensis_6wks,FALSE
2244,0.3536862875729234,25.77248818394795,0.7145660655288174,0.47985688775413626,0.8795636595289558,-6.497466538221346,miscanthus_sinensis_15wks vs miscanthus_sinensis_6wks,FALSE
1843,-0.4430561337568584,19.56297634131333,-0.7122947766586165,0.4812435489232322,0.8795636595289558,-6.499088276668406,miscanthus_sinensis_15wks vs miscanthus_sinensis_6wks,FALSE
5476,0.14936018489351,19.99903044947999,0.7102536745333307,0.48249162053989203,0.8795636595289558,-6.500541387102647,miscanthus_sinensis_15wks vs miscanthus_sinensis_6wks,FALSE
5545,-0.3547638955212875,17.64596297154868,-0.7075942511442377,0.4841205326913882,0.8795636595289558,-6.502428628297232,miscanthus_sinensis_15wks vs miscanthus_sinensis_6wks,FALSE
3051,-0.5352368199437976,21.805970189932165,-0.7074830479279582,0.4841887131575068,0.8795636595289558,-6.5025073933119675,miscanthus_sinensis_15wks vs miscanthus_sinensis_6wks,FALSE
2507,-0.2737967361514215,18.72050957397872,-0.7058116075575587,0.4852141554935866,0.8795636595289558,-6.5036898244458765,miscanthus_sinensis_15wks vs miscanthus_sinensis_6wks,FALSE
3,0.34802138580977626,26.519062558523082,0.7047275353799819,0.4858798994755308,0.8795636595289558,-6.504455281680296,miscanthus_sinensis_15wks vs miscanthus_sinensis_6wks,FALSE
655,-0.47284259350172775,19.86146483858561,-0.7046600765967954,0.4859213439340152,0.8795636595289558,-6.5045028762188455,miscanthus_sinensis_15wks vs miscanthus_sinensis_6wks,FALSE
163,0.9492504969125584,22.10439437865716,0.7045000822460865,0.4860196471974243,0.8795636595289558,-6.504615740172302,miscanthus_sinensis_15wks vs miscanthus_sinensis_6wks,FALSE
2935,-0.5281044325162725,18.877729653256118,-0.7026093245859035,0.4871822124425138,0.8795636595289558,-6.50594764374379,miscanthus_sinensis_15wks vs miscanthus_sinensis_6wks,FALSE
5798,-0.5083989942374387,19.175375107358143,-0.7020883201781157,0.4875028368240276,0.8795636595289558,-6.506314043682498,miscanthus_sinensis_15wks vs miscanthus_sinensis_6wks,FALSE
1720,-0.31716643267592204,17.963321862134265,-0.6946042026650415,0.49212165665409513,0.8840684475624154,-6.511548184444587,miscanthus_sinensis_15wks vs miscanthus_sinensis_6wks,FALSE
413,0.5239365119690049,23.681224665224995,0.6938761193576077,0.49257229960952054,0.8840684475624154,-6.51205447458435,miscanthus_sinensis_15wks vs miscanthus_sinensis_6wks,FALSE
161,-0.4917608067978634,18.944861364786235,-0.6930895453495248,0.49305940486968913,0.8840684475624154,-6.512600858190935,miscanthus_sinensis_15wks vs miscanthus_sinensis_6wks,FALSE
4614,-0.33162364593380644,18.71451594470207,-0.6899917654538702,0.4949804024671667,0.8840684475624154,-6.514746838097887,miscanthus_sinensis_15wks vs miscanthus_sinensis_6wks,FALSE
2440,0.43112030378615174,22.719380778394655,0.6890422291052063,0.4955700659284926,0.8840684475624154,-6.515402757376238,miscanthus_sinensis_15wks vs miscanthus_sinensis_6wks,FALSE
1457,0.18635377800637798,17.102267761890193,0.6874344728897164,0.49656937837458615,0.8840684475624154,-6.516511359852325,miscanthus_sinensis_15wks vs miscanthus_sinensis_6wks,FALSE
3021,0.26676004899054107,17.94848582389461,0.6857905665134236,0.4975923206860985,0.8840684475624154,-6.517642287203909,miscanthus_sinensis_15wks vs miscanthus_sinensis_6wks,FALSE
2829,-0.22230210005663054,17.691806211286973,-0.6817539075833766,0.5001091540931033,0.8840684475624154,-6.520408146722095,miscanthus_sinensis_15wks vs miscanthus_sinensis_6wks,FALSE
101,-0.36634800536622336,22.785587141277215,-0.6806642894110858,0.5007897332245781,0.8840684475624154,-6.521152016699629,miscanthus_sinensis_15wks vs miscanthus_sinensis_6wks,FALSE
2937,-0.3410376631411651,19.582007773736805,-0.6779011272804797,0.5025179123817706,0.8840684475624154,-6.523033209584665,miscanthus_sinensis_15wks vs miscanthus_sinensis_6wks,FALSE
5557,0.19443720763570838,18.76682194689504,0.6773412736063162,0.5028684659414343,0.8840684475624154,-6.523413457931425,miscanthus_sinensis_15wks vs miscanthus_sinensis_6wks,FALSE
447,-0.16132028128917142,22.362582550321918,-0.677199987211775,0.5029569540656093,0.8840684475624154,-6.523509370295589,miscanthus_sinensis_15wks vs miscanthus_sinensis_6wks,FALSE
169,0.5022205538723519,21.121091755037575,0.6769161835232741,0.5031347272250024,0.8840684475624154,-6.523701971823377,miscanthus_sinensis_15wks vs miscanthus_sinensis_6wks,FALSE
3966,-0.18702987536083882,20.068578142896367,-0.6768652802666016,0.5031666164318003,0.8840684475624154,-6.523736508683699,miscanthus_sinensis_15wks vs miscanthus_sinensis_6wks,FALSE
5332,0.21129988714947245,17.420027025736825,0.6739208047409083,0.5050131315881605,0.8841851598307163,-6.525729978338937,miscanthus_sinensis_15wks vs miscanthus_sinensis_6wks,FALSE
2853,0.5686778735660347,19.626186526393557,0.6703155862387137,0.5072790810897156,0.8841851598307163,-6.5281592711906855,miscanthus_sinensis_15wks vs miscanthus_sinensis_6wks,FALSE
4413,-0.18013000586119077,18.358307081031924,-0.6682794607314235,0.5085612884793385,0.8841851598307163,-6.529525664619095,miscanthus_sinensis_15wks vs miscanthus_sinensis_6wks,FALSE
1941,0.2853240893488085,25.22007258068796,0.6676596760502268,0.5089519373198141,0.8841851598307163,-6.529940783694835,miscanthus_sinensis_15wks vs miscanthus_sinensis_6wks,FALSE
418,-0.43459898249344775,19.390137753466245,-0.6655340007277902,0.510292993419831,0.8841851598307163,-6.531361669704388,miscanthus_sinensis_15wks vs miscanthus_sinensis_6wks,FALSE
1637,0.24165467039162536,17.500555860296316,0.6647308123135856,0.5108002152769107,0.8841851598307163,-6.531897404744258,miscanthus_sinensis_15wks vs miscanthus_sinensis_6wks,FALSE
3528,-0.145840631339329,19.667799754351595,-0.6614337873490398,0.5128852041632213,0.8841851598307163,-6.534089955563419,miscanthus_sinensis_15wks vs miscanthus_sinensis_6wks,FALSE
6163,-0.36461369035810165,22.17226358446989,-0.6611378515639114,0.513072576008087,0.8841851598307163,-6.534286236338821,miscanthus_sinensis_15wks vs miscanthus_sinensis_6wks,FALSE
404,0.5737656854199855,20.579783355089678,0.6601508778080923,0.5136977481972818,0.8841851598307163,-6.534940232908916,miscanthus_sinensis_15wks vs miscanthus_sinensis_6wks,FALSE
3994,0.3255504926679649,18.64488458697507,0.6597264794984322,0.5139666993717624,0.8841851598307163,-6.5352211586406055,miscanthus_sinensis_15wks vs miscanthus_sinensis_6wks,FALSE
3559,0.46058078475741127,19.166143459582784,0.6585124767410541,0.5147364641468752,0.8841851598307163,-6.536023782758949,miscanthus_sinensis_15wks vs miscanthus_sinensis_6wks,FALSE
4472,-0.18483129113115027,16.783624074105745,-0.6537265842134644,0.5177771551723949,0.8841851598307163,-6.539173892683976,miscanthus_sinensis_15wks vs miscanthus_sinensis_6wks,FALSE
889,-0.4155058388183086,25.386317044058593,-0.6535987721738687,0.5178584928823702,0.8841851598307163,-6.539257712619475,miscanthus_sinensis_15wks vs miscanthus_sinensis_6wks,FALSE
1062,-0.4176360219697024,18.740206777097455,-0.6530506873780952,0.5182073643638463,0.8841851598307163,-6.539616968994521,miscanthus_sinensis_15wks vs miscanthus_sinensis_6wks,FALSE
2834,0.22193359256634793,17.47735046548702,0.6521954501206312,0.5187520007922953,0.8841851598307163,-6.5401769697615375,miscanthus_sinensis_15wks vs miscanthus_sinensis_6wks,FALSE
2080,0.4482209793671714,28.7156339409515,0.6499599212044243,0.520177100573985,0.8841851598307163,-6.5416373937976395,miscanthus_sinensis_15wks vs miscanthus_sinensis_6wks,FALSE
199,0.5323632580094362,19.061160627240856,0.6491231607836174,0.5207110589774475,0.8841851598307163,-6.542182774818971,miscanthus_sinensis_15wks vs miscanthus_sinensis_6wks,FALSE
4955,-0.524979143283197,22.65819262565842,-0.6489578837228082,0.5208165614374807,0.8841851598307163,-6.542290417584644,miscanthus_sinensis_15wks vs miscanthus_sinensis_6wks,FALSE
648,0.2494937472371319,17.583439815398826,0.6466635775280021,0.5222822901691297,0.8841851598307163,-6.543781909041381,miscanthus_sinensis_15wks vs miscanthus_sinensis_6wks,FALSE
5208,-0.4080617300038156,18.589628594109787,-0.6461266280546597,0.5226256428090579,0.8841851598307163,-6.544130227639974,miscanthus_sinensis_15wks vs miscanthus_sinensis_6wks,FALSE
5362,-0.2769079090354509,18.590507092800923,-0.6455631088631826,0.5229861158147642,0.8841851598307163,-6.544495478622041,miscanthus_sinensis_15wks vs miscanthus_sinensis_6wks,FALSE
137,0.167522556224462,25.084267438187247,0.6431654664103827,0.5245213350084357,0.8851886084522972,-6.54604606252163,miscanthus_sinensis_15wks vs miscanthus_sinensis_6wks,FALSE
2222,-0.6656832056868858,20.412426576496003,-0.6398986070179498,0.526616995714858,0.8871287100000805,-6.548149723308467,miscanthus_sinensis_15wks vs miscanthus_sinensis_6wks,FALSE
61,-0.9579686275797918,21.366208425614136,-0.6384332549485142,0.5275584562660054,0.8871287100000805,-6.549089927348483,miscanthus_sinensis_15wks vs miscanthus_sinensis_6wks,FALSE
6025,0.3699871597640012,18.77553050847043,0.6364396446151628,0.5288407521879311,0.8876969768868844,-6.55036569770434,miscanthus_sinensis_15wks vs miscanthus_sinensis_6wks,FALSE
2187,0.906050035015717,20.56317621321542,0.6320032930458989,0.531700167529507,0.8895944293383747,-6.553190678962761,miscanthus_sinensis_15wks vs miscanthus_sinensis_6wks,FALSE
357,0.22927364588446508,20.11296822586954,0.6309410365340276,0.5323860503876836,0.8895944293383747,-6.553864241302916,miscanthus_sinensis_15wks vs miscanthus_sinensis_6wks,FALSE
1209,-0.3344833960461031,19.25420571762015,-0.6288331611547614,0.5337484589137189,0.8895944293383747,-6.555197541464014,miscanthus_sinensis_15wks vs miscanthus_sinensis_6wks,FALSE
5193,0.32131946855087534,18.26512346947878,0.6269445543987617,0.5349707074490138,0.8895944293383747,-6.556388447332357,miscanthus_sinensis_15wks vs miscanthus_sinensis_6wks,FALSE
2342,0.5579697403928385,19.670560876877612,0.6254170987899188,0.5359603083943945,0.8895944293383747,-6.557349062563787,miscanthus_sinensis_15wks vs miscanthus_sinensis_6wks,FALSE
363,-0.5720013938333004,20.022206024633743,-0.6253193328313387,0.5360236813588659,0.8895944293383747,-6.557410469561765,miscanthus_sinensis_15wks vs miscanthus_sinensis_6wks,FALSE
4,0.26054081774405446,23.66406555199366,0.6244370135536498,0.5365957887604877,0.8895944293383747,-6.557964232038057,miscanthus_sinensis_15wks vs miscanthus_sinensis_6wks,FALSE
399,0.2281515665770364,27.30050190353012,0.6070349703032327,0.5479447626549266,0.8980792318384636,-6.568729985035814,miscanthus_sinensis_15wks vs miscanthus_sinensis_6wks,FALSE
505,-0.35343435600858086,19.119557551421924,-0.6035762552911514,0.5502151051932609,0.8980792318384636,-6.5708342795134556,miscanthus_sinensis_15wks vs miscanthus_sinensis_6wks,FALSE
5337,-0.4273986415703952,18.783283975640526,-0.6027445341635296,0.5507617786921237,0.8980792318384636,-6.5713385476368,miscanthus_sinensis_15wks vs miscanthus_sinensis_6wks,FALSE
5788,0.2510111565098043,18.140228108398208,0.6027219029778625,0.5507766576178702,0.8980792318384636,-6.571352259300014,miscanthus_sinensis_15wks vs miscanthus_sinensis_6wks,FALSE
4711,0.1819463652862794,23.644927418461346,0.6009425170877164,0.5519471659573489,0.8980792318384636,-6.572428767773834,miscanthus_sinensis_15wks vs miscanthus_sinensis_6wks,FALSE
809,-0.48999255015247556,19.82300733446967,-0.6009352055568404,0.5519519782327296,0.8980792318384636,-6.572433184744859,miscanthus_sinensis_15wks vs miscanthus_sinensis_6wks,FALSE
2601,0.5907985067607413,19.336501058379735,0.6004353707378645,0.5522810086722152,0.8980792318384636,-6.572735015456293,miscanthus_sinensis_15wks vs miscanthus_sinensis_6wks,FALSE
2607,0.3935055780451293,18.860077755830883,0.598991491944731,0.5532320478997013,0.8980792318384636,-6.5736055373289295,miscanthus_sinensis_15wks vs miscanthus_sinensis_6wks,FALSE
1557,-0.24012240867244117,26.154359635205164,-0.5989236141380592,0.5532767776020984,0.8980792318384636,-6.573646410739263,miscanthus_sinensis_15wks vs miscanthus_sinensis_6wks,FALSE
3891,0.5430062966573033,20.718174260182113,0.5984900295518957,0.5535625422433742,0.8980792318384636,-6.573907391802633,miscanthus_sinensis_15wks vs miscanthus_sinensis_6wks,FALSE
203,-0.567869283036309,19.9059585822955,-0.5979807353874361,0.5538983016781267,0.8980792318384636,-6.574213707412742,miscanthus_sinensis_15wks vs miscanthus_sinensis_6wks,FALSE
3584,0.514907513184383,20.656304068693018,0.5974475613984028,0.5542499158941605,0.8980792318384636,-6.57453411218464,miscanthus_sinensis_15wks vs miscanthus_sinensis_6wks,FALSE
5313,-0.3316243156232872,19.10170058423789,-0.5942534968662058,0.5563587057148893,0.8980792318384636,-6.576447691896279,miscanthus_sinensis_15wks vs miscanthus_sinensis_6wks,FALSE
1429,0.47436409351129427,20.85826269641193,0.5940073981412806,0.5565213549749263,0.8980792318384636,-6.576594714299409,miscanthus_sinensis_15wks vs miscanthus_sinensis_6wks,FALSE
22,-0.1418882705276765,27.450414523770267,-0.5938448524882021,0.5566287964132755,0.8980792318384636,-6.576691788384962,miscanthus_sinensis_15wks vs miscanthus_sinensis_6wks,FALSE
3836,-0.2945366713700288,19.938561218472454,-0.5932830810731312,0.5570002044274727,0.8980792318384636,-6.577027084335585,miscanthus_sinensis_15wks vs miscanthus_sinensis_6wks,FALSE
709,-0.42277582039596595,22.02709604826887,-0.5913326177861042,0.5582907075741287,0.8982634639934823,-6.578188816149367,miscanthus_sinensis_15wks vs miscanthus_sinensis_6wks,FALSE
3817,0.5972890972970646,20.75904472804947,0.5902228272536456,0.5590256664214757,0.8982634639934823,-6.578848156153539,miscanthus_sinensis_15wks vs miscanthus_sinensis_6wks,FALSE
1049,-0.22195686280331017,18.530573159060186,-0.5865400528549423,0.5614680982288005,0.9006484852134343,-6.581027447538653,miscanthus_sinensis_15wks vs miscanthus_sinensis_6wks,FALSE
4776,-0.3104858963945283,18.919378519383088,-0.5845658656568082,0.5627796059399008,0.9012143604489042,-6.5821901784067,miscanthus_sinensis_15wks vs miscanthus_sinensis_6wks,FALSE
4722,0.42656089634406413,19.20275476978212,0.5815768800281841,0.5647682101251899,0.9028607440776845,-6.583943284350506,miscanthus_sinensis_15wks vs miscanthus_sinensis_6wks,FALSE
158,-0.31779463272404485,22.666936318010993,-0.5761908036301883,0.5683605232171813,0.9033252105299794,-6.587080108362967,miscanthus_sinensis_15wks vs miscanthus_sinensis_6wks,FALSE
862,0.2635922332164995,21.365248364044668,0.5743631427423663,0.5695820963773683,0.9033252105299794,-6.588138029722669,miscanthus_sinensis_15wks vs miscanthus_sinensis_6wks,FALSE
1023,0.21496241562434903,20.508493646325146,0.573595485681985,0.5700955738987423,0.9033252105299794,-6.588581397159723,miscanthus_sinensis_15wks vs miscanthus_sinensis_6wks,FALSE
1497,0.3498263578981806,21.5167550214108,0.5724170079132015,0.5708842937388867,0.9033252105299794,-6.589260906857587,miscanthus_sinensis_15wks vs miscanthus_sinensis_6wks,FALSE
2088,-0.24490730299451968,17.646198560594005,-0.5719415992817968,0.5712026241990181,0.9033252105299794,-6.589534639452285,miscanthus_sinensis_15wks vs miscanthus_sinensis_6wks,FALSE
5768,-0.17782639972153547,16.51124007196564,-0.5711843766158453,0.5717098377728501,0.9033252105299794,-6.58997017562973,miscanthus_sinensis_15wks vs miscanthus_sinensis_6wks,FALSE
5359,0.2663752930606549,18.13019805523478,0.5710712417627468,0.5717856385801465,0.9033252105299794,-6.590035199492753,miscanthus_sinensis_15wks vs miscanthus_sinensis_6wks,FALSE
5099,-0.28438309531155426,18.668768184234903,-0.5696322587263247,0.5727501986549604,0.903330850227622,-6.590861148211517,miscanthus_sinensis_15wks vs miscanthus_sinensis_6wks,FALSE
50,0.5407285088055822,20.368777786180626,0.5634007186492652,0.5769365379023048,0.9053350531561067,-6.594414347239967,miscanthus_sinensis_15wks vs miscanthus_sinensis_6wks,FALSE
4194,0.3133289585280927,18.093954026107138,0.5630970261575432,0.577140942854915,0.9053350531561067,-6.594586531888412,miscanthus_sinensis_15wks vs miscanthus_sinensis_6wks,FALSE
5000,-0.29815111987837994,19.14880086990973,-0.5619477609092294,0.5779147964808579,0.9053350531561067,-6.595237306852371,miscanthus_sinensis_15wks vs miscanthus_sinensis_6wks,FALSE
3498,-0.42819852669268954,22.01345217862953,-0.5618206038686375,0.5780004485722938,0.9053350531561067,-6.595309229781157,miscanthus_sinensis_15wks vs miscanthus_sinensis_6wks,FALSE
747,0.5333321732701286,19.516581018705278,0.5595856653967828,0.579506905911132,0.9053350531561067,-6.596570755313259,miscanthus_sinensis_15wks vs miscanthus_sinensis_6wks,FALSE
3942,-0.329575985866267,19.220722703174026,-0.5583358082793682,0.5803502095244832,0.9053350531561067,-6.597274094338916,miscanthus_sinensis_15wks vs miscanthus_sinensis_6wks,FALSE
371,0.3715266178281098,22.41447002316205,0.5570127733390304,0.5812435422059827,0.9053350531561067,-6.5980169317914,miscanthus_sinensis_15wks vs miscanthus_sinensis_6wks,FALSE
1823,0.1533960492924784,22.738616705690504,0.5553563300978327,0.5823629444581403,0.9053350531561067,-6.5989445282073484,miscanthus_sinensis_15wks vs miscanthus_sinensis_6wks,FALSE
2467,-0.31011001379611614,17.887307466079545,-0.554874065482891,0.5826890501696219,0.9053350531561067,-6.599214083377807,miscanthus_sinensis_15wks vs miscanthus_sinensis_6wks,FALSE
1933,0.13372339358166485,21.62973299718378,0.5498497005904011,0.5860917972012283,0.9091192893880438,-6.602008710557042,miscanthus_sinensis_15wks vs miscanthus_sinensis_6wks,FALSE
3014,-0.33578474143543247,22.052201656953354,-0.5479407382486954,0.587387162655036,0.9096275665498086,-6.6030639618359865,miscanthus_sinensis_15wks vs miscanthus_sinensis_6wks,FALSE
362,0.33718878741880687,19.108650886470357,0.5456481172510196,0.5889446963079672,0.9105394975813966,-6.604326532138116,miscanthus_sinensis_15wks vs miscanthus_sinensis_6wks,FALSE
29,0.4108667778821058,22.039354914932538,0.5409429463709791,0.5921474674970669,0.9139878808657519,-6.606901433923975,miscanthus_sinensis_15wks vs miscanthus_sinensis_6wks,FALSE
1484,-0.2764937095316746,18.385429627534702,-0.5359532959425604,0.595552985815205,0.9155367066371174,-6.609608082136971,miscanthus_sinensis_15wks vs miscanthus_sinensis_6wks,FALSE
4379,-0.425693130822836,22.05796686911241,-0.5349631775555758,0.5962298671384918,0.9155367066371174,-6.610142243790284,miscanthus_sinensis_15wks vs miscanthus_sinensis_6wks,FALSE
1638,-0.2025810743772105,25.483023433651432,-0.5346188066389159,0.5964653776234425,0.9155367066371174,-6.610327801878399,miscanthus_sinensis_15wks vs miscanthus_sinensis_6wks,FALSE
2148,-0.14197154435941783,24.052540876053406,-0.5337688951609922,0.5970468097537798,0.9155367066371174,-6.610785258882089,miscanthus_sinensis_15wks vs miscanthus_sinensis_6wks,FALSE
2041,0.36524460261829006,25.71834661666422,0.5290635205316907,0.6002706662404276,0.9189811502703614,-6.613304939093007,miscanthus_sinensis_15wks vs miscanthus_sinensis_6wks,FALSE
36,-0.24391895440109934,26.034080094138062,-0.5250695632490638,0.6030135422543437,0.9215095431689844,-6.615426451862163,miscanthus_sinensis_15wks vs miscanthus_sinensis_6wks,FALSE
3780,-0.26629556914245,18.54995200225877,-0.5238055338695696,0.6038828495660579,0.9215095431689844,-6.616094586543784,miscanthus_sinensis_15wks vs miscanthus_sinensis_6wks,FALSE
3316,-0.2555264586280046,18.20776469138019,-0.5211621103240497,0.6057027038053118,0.9227885600923712,-6.617486715498141,miscanthus_sinensis_15wks vs miscanthus_sinensis_6wks,FALSE
278,-0.5560662845081445,21.851127901322027,-0.5195765884004899,0.6067954803716991,0.9229575267789597,-6.618318388774546,miscanthus_sinensis_15wks vs miscanthus_sinensis_6wks,FALSE
146,0.5051240988341945,19.3584077379279,0.5170793462790029,0.6085184998026866,0.9240830207019797,-6.619623242617904,miscanthus_sinensis_15wks vs miscanthus_sinensis_6wks,FALSE
5803,0.28029345941998685,18.69764316169712,0.5120288498170247,0.6120101301740338,0.92788632639289,-6.622243311651575,miscanthus_sinensis_15wks vs miscanthus_sinensis_6wks,FALSE
2712,-0.3763651478409642,21.454468740672304,-0.503823163157415,0.6177027551492282,0.9290359017125719,-6.6264462376059186,miscanthus_sinensis_15wks vs miscanthus_sinensis_6wks,FALSE
5708,-0.12926548497623003,16.609331460208598,-0.5036462329623278,0.6178257655011016,0.9290359017125719,-6.6265361244257965,miscanthus_sinensis_15wks vs miscanthus_sinensis_6wks,FALSE
766,-0.37815924994724526,19.144150005834035,-0.5035876216574763,0.6178665173605267,0.9290359017125719,-6.626565894194322,miscanthus_sinensis_15wks vs miscanthus_sinensis_6wks,FALSE
4316,-0.2981151253919023,20.339150523994437,-0.5033200055472489,0.6180526038127963,0.9290359017125719,-6.626701778028338,miscanthus_sinensis_15wks vs miscanthus_sinensis_6wks,FALSE
255,0.394633478952219,22.16936720918471,0.5008128979296245,0.6197971604207684,0.9290359017125719,-6.627971323792849,miscanthus_sinensis_15wks vs miscanthus_sinensis_6wks,FALSE
3313,0.2579966146545978,24.416688623618175,0.4998527216168931,0.6204658875318483,0.9290359017125719,-6.628455883129709,miscanthus_sinensis_15wks vs miscanthus_sinensis_6wks,FALSE
390,0.4037468546717804,18.808925544391823,0.49824328538037066,0.6215875359552764,0.9290359017125719,-6.629266041515883,miscanthus_sinensis_15wks vs miscanthus_sinensis_6wks,FALSE
5654,0.223159404391442,20.477650512198586,0.4971825076364723,0.6223273163947955,0.9290359017125719,-6.6297986089308125,miscanthus_sinensis_15wks vs miscanthus_sinensis_6wks,FALSE
189,0.28404808810315885,28.43181666284402,0.495694251701102,0.6233658902066176,0.9290359017125719,-6.63054390853319,miscanthus_sinensis_15wks vs miscanthus_sinensis_6wks,FALSE
280,-0.17456887387357511,22.902155265845316,-0.49248159954190085,0.6256104970021177,0.9290359017125719,-6.632145258973246,miscanthus_sinensis_15wks vs miscanthus_sinensis_6wks,FALSE
2564,0.43323382281784717,19.149548611158,0.49184952756142797,0.6260525397066881,0.9290359017125719,-6.632459108231773,miscanthus_sinensis_15wks vs miscanthus_sinensis_6wks,FALSE
2943,0.13868125130824183,22.128512453728217,0.4909841251853886,0.6266579911220596,0.9290359017125719,-6.632888171279514,miscanthus_sinensis_15wks vs miscanthus_sinensis_6wks,FALSE
1805,-0.27165457928026626,23.432039012837183,-0.4896713803797035,0.627576913731124,0.9290359017125719,-6.633537603478856,miscanthus_sinensis_15wks vs miscanthus_sinensis_6wks,FALSE
1,-0.13350299114005892,23.462097786102255,-0.4888238160747542,0.6281705306485759,0.9290359017125719,-6.63395599442887,miscanthus_sinensis_15wks vs miscanthus_sinensis_6wks,FALSE
293,0.25184026865748876,24.272952131748376,0.4886297571241971,0.6283064810236376,0.9290359017125719,-6.634051689028295,miscanthus_sinensis_15wks vs miscanthus_sinensis_6wks,FALSE
2013,-0.7340459373775232,20.04860983747114,-0.4882369064193988,0.6285817377544636,0.9290359017125719,-6.634245297430196,miscanthus_sinensis_15wks vs miscanthus_sinensis_6wks,FALSE
411,0.5277318054998688,20.937060763394143,0.4844172527154014,0.6312608453874408,0.9315309178401794,-6.636119733830657,miscanthus_sinensis_15wks vs miscanthus_sinensis_6wks,FALSE
907,-0.3214829974075748,19.905771858884904,-0.4816952851925511,0.6331731339088057,0.9328883164173626,-6.637446641069138,miscanthus_sinensis_15wks vs miscanthus_sinensis_6wks,FALSE
5364,0.3395758905914654,19.171066301244892,0.479880196710616,0.6344497314439866,0.9333063342055515,-6.638327365004922,miscanthus_sinensis_15wks vs miscanthus_sinensis_6wks,FALSE
374,-0.0858567558889547,20.25385277093899,-0.47626896117336875,0.636992985671491,0.9355834477050023,-6.640069870659771,miscanthus_sinensis_15wks vs miscanthus_sinensis_6wks,FALSE
924,-0.17517603286292172,23.510821152286745,-0.4730612847317652,0.6392557857275623,0.9371807518767721,-6.6416067623286095,miscanthus_sinensis_15wks vs miscanthus_sinensis_6wks,FALSE
3229,0.1734636372970222,18.16698749622626,0.47190190874371796,0.640074513515838,0.9371807518767721,-6.642159732567762,miscanthus_sinensis_15wks vs miscanthus_sinensis_6wks,FALSE
172,-0.10404219526245484,26.04257937665253,-0.4682627976606542,0.6426473538491366,0.9383910604072926,-6.6438867291258825,miscanthus_sinensis_15wks vs miscanthus_sinensis_6wks,FALSE
30,0.40164792372905467,21.60343364106734,0.4660948056638368,0.644182253605182,0.9383910604072926,-6.644909312609647,miscanthus_sinensis_15wks vs miscanthus_sinensis_6wks,FALSE
3470,-0.22743369999045981,18.527425002269887,-0.4658415345172118,0.6443616687751015,0.9383910604072926,-6.645028468300152,miscanthus_sinensis_15wks vs miscanthus_sinensis_6wks,FALSE
4301,-0.09839544144599444,19.658196364689434,-0.46398831324609585,0.6456751339143179,0.9383910604072926,-6.6458984025847725,miscanthus_sinensis_15wks vs miscanthus_sinensis_6wks,FALSE
241,0.1616557478457601,22.116136623150336,0.4632859483597943,0.646173235337345,0.9383910604072926,-6.646227210508294,miscanthus_sinensis_15wks vs miscanthus_sinensis_6wks,FALSE
4117,-0.12487892226900144,22.978010233812945,-0.45795561601308915,0.6499587808174296,0.9383910604072926,-6.648706547788333,miscanthus_sinensis_15wks vs miscanthus_sinensis_6wks,FALSE
5155,0.13477800090359437,22.949793868179256,0.4575173384473616,0.6502704634139025,0.9383910604072926,-6.648909146853763,miscanthus_sinensis_15wks vs miscanthus_sinensis_6wks,FALSE
8,0.2676781378884847,23.228232708147665,0.4556061916888255,0.6516303291480317,0.9383910604072926,-6.649790358738683,miscanthus_sinensis_15wks vs miscanthus_sinensis_6wks,FALSE
3001,0.2149008124287164,22.401393607006295,0.45413617357911934,0.6526771375564393,0.9383910604072926,-6.65046569197122,miscanthus_sinensis_15wks vs miscanthus_sinensis_6wks,FALSE
531,-0.2819336450704135,20.167356052550772,-0.45189477217515456,0.6542746293233386,0.9383910604072926,-6.6514912537064275,miscanthus_sinensis_15wks vs miscanthus_sinensis_6wks,FALSE
2159,0.28369906609728446,20.916154065143626,0.45171279493852773,0.6544044009802028,0.9383910604072926,-6.651574298131031,miscanthus_sinensis_15wks vs miscanthus_sinensis_6wks,FALSE
1628,0.20583430254366064,20.078167588442632,0.45116728022995073,0.6547934840052995,0.9383910604072926,-6.651823043156482,miscanthus_sinensis_15wks vs miscanthus_sinensis_6wks,FALSE
332,-0.13959944980087613,26.64179740892891,-0.45004309776966667,0.6555956052617999,0.9383910604072926,-6.652334714092698,miscanthus_sinensis_15wks vs miscanthus_sinensis_6wks,FALSE
5497,0.1398367105093996,17.03663163792573,0.4488349324642794,0.6564581128455742,0.9383910604072926,-6.652883204041206,miscanthus_sinensis_15wks vs miscanthus_sinensis_6wks,FALSE
145,-0.23378313352192492,20.589365225116158,-0.44792783611072873,0.6571060025849148,0.9383910604072926,-6.653294055670958,miscanthus_sinensis_15wks vs miscanthus_sinensis_6wks,FALSE
256,0.35191195541259646,20.031892435415216,0.4442529008388125,0.6597335635767142,0.9383910604072926,-6.65495014378788,miscanthus_sinensis_15wks vs miscanthus_sinensis_6wks,FALSE
91,0.3395946594263606,20.395128542833028,0.44371699978717943,0.6601170982080412,0.9383910604072926,-6.655190518303935,miscanthus_sinensis_15wks vs miscanthus_sinensis_6wks,FALSE
2510,0.12937109233793365,18.152316582388757,0.44263413131590945,0.6608923724125289,0.9383910604072926,-6.655675356149313,miscanthus_sinensis_15wks vs miscanthus_sinensis_6wks,FALSE
6180,-0.20824471483465956,20.02625826211699,-0.442229521437455,0.6611821485242282,0.9383910604072926,-6.655856213637811,miscanthus_sinensis_15wks vs miscanthus_sinensis_6wks,FALSE
2419,0.32693122838908195,20.9577116576048,0.4415032241601997,0.6617024459744651,0.9383910604072926,-6.656180452890885,miscanthus_sinensis_15wks vs miscanthus_sinensis_6wks,FALSE
3463,-0.09454086534868722,18.09125525254347,-0.4389318783547043,0.663545852380601,0.9383910604072926,-6.657324139807356,miscanthus_sinensis_15wks vs miscanthus_sinensis_6wks,FALSE
2229,0.3041228310871986,19.73549375998365,0.4386564942038449,0.6637434027622556,0.9383910604072926,-6.6574462341613305,miscanthus_sinensis_15wks vs miscanthus_sinensis_6wks,FALSE
1649,0.22255748688702326,18.503607981193,0.4375616033294782,0.6645290785311734,0.9383910604072926,-6.65793091597593,miscanthus_sinensis_15wks vs miscanthus_sinensis_6wks,FALSE
3110,-0.26371994732282644,22.39406517377464,-0.4371005347967257,0.6648600491821882,0.9383910604072926,-6.658134661667582,miscanthus_sinensis_15wks vs miscanthus_sinensis_6wks,FALSE
150,-0.1360388585164074,22.527241102141794,-0.4350482284289526,0.6663340924596951,0.9390615395983709,-6.659038997618173,miscanthus_sinensis_15wks vs miscanthus_sinensis_6wks,FALSE
23,0.3897623544574955,22.41440121992179,0.43124998674902115,0.6690656855350272,0.9397094767475251,-6.660701569501587,miscanthus_sinensis_15wks vs miscanthus_sinensis_6wks,FALSE
4284,-0.15560938669623425,17.75486269797818,-0.4302428845270758,0.66979073699588,0.9397094767475251,-6.661139982056594,miscanthus_sinensis_15wks vs miscanthus_sinensis_6wks,FALSE
3496,0.17247461242967788,20.6839785270701,0.4285979729598197,0.6709756637656605,0.9397094767475251,-6.661853866597913,miscanthus_sinensis_15wks vs miscanthus_sinensis_6wks,FALSE
40,-0.36777645914908774,24.88105261358531,-0.42806388841995746,0.6713605805712035,0.9397094767475251,-6.662085075449408,miscanthus_sinensis_15wks vs miscanthus_sinensis_6wks,FALSE
2860,-0.10894760456576336,27.90987892754605,-0.4264049523796049,0.6725567567689268,0.9397094767475251,-6.662801422064037,miscanthus_sinensis_15wks vs miscanthus_sinensis_6wks,FALSE
5338,-0.13046519131732737,16.593050348154947,-0.42557623905293207,0.6731546256484009,0.9397094767475251,-6.6631582391375135,miscanthus_sinensis_15wks vs miscanthus_sinensis_6wks,FALSE
93,0.1412677427368365,19.15761991161754,0.4242759156176685,0.6740931693656473,0.9397094767475251,-6.6637167324408235,miscanthus_sinensis_15wks vs miscanthus_sinensis_6wks,FALSE
3866,0.20571256983843256,19.46030934201387,0.42071776739040057,0.6766640680454048,0.9397094767475251,-6.665236326980491,miscanthus_sinensis_15wks vs miscanthus_sinensis_6wks,FALSE
4623,0.1398434168576692,17.912586002344867,0.4191874367368765,0.6777710058624036,0.9397094767475251,-6.665885998737246,miscanthus_sinensis_15wks vs miscanthus_sinensis_6wks,FALSE
529,0.2673000334685689,19.492056808834544,0.4187445785899639,0.6780914754111813,0.9397094767475251,-6.666073568465054,miscanthus_sinensis_15wks vs miscanthus_sinensis_6wks,FALSE
242,-0.07651275356942833,21.080266219114776,-0.4123374161882617,0.6827347376185978,0.9397094767475251,-6.668765328720858,miscanthus_sinensis_15wks vs miscanthus_sinensis_6wks,FALSE
6093,-0.2843287294191228,22.11944296825375,-0.4106044754269483,0.6839927670000479,0.9397094767475251,-6.669486310088375,miscanthus_sinensis_15wks vs miscanthus_sinensis_6wks,FALSE
2504,-0.23408439098260558,20.475950834060697,-0.4089904556685299,0.6851652910937449,0.9397094767475251,-6.670155111742294,miscanthus_sinensis_15wks vs miscanthus_sinensis_6wks,FALSE
13,-0.3064243294738844,18.377970775411885,-0.40888182336283807,0.68524423687114,0.9397094767475251,-6.6702000320782275,miscanthus_sinensis_15wks vs miscanthus_sinensis_6wks,FALSE
3484,0.33090079681048223,18.818951865874325,0.40796624234290035,0.6859097549102338,0.9397094767475251,-6.67057816289907,miscanthus_sinensis_15wks vs miscanthus_sinensis_6wks,FALSE
2061,0.1832763825978887,17.86877136864212,0.40516821697079114,0.6879451624793883,0.9397094767475251,-6.671728533842809,miscanthus_sinensis_15wks vs miscanthus_sinensis_6wks,FALSE
5940,0.19589101887565263,24.103009012114303,0.4047098269910914,0.6882788416116092,0.9397094767475251,-6.671916247569434,miscanthus_sinensis_15wks vs miscanthus_sinensis_6wks,FALSE
2839,0.17331864263628916,24.435142840436505,0.40430918825933887,0.6885705334295047,0.9397094767475251,-6.6720801394827705,miscanthus_sinensis_15wks vs miscanthus_sinensis_6wks,FALSE
181,-0.0857722126105891,29.919192274819434,-0.4042916538742642,0.6885833007422536,0.9397094767475251,-6.672087308717785,miscanthus_sinensis_15wks vs miscanthus_sinensis_6wks,FALSE
3646,0.3549287187684449,22.88328101388936,0.4023603267009168,0.6899901252159206,0.9397094767475251,-6.672875080611036,miscanthus_sinensis_15wks vs miscanthus_sinensis_6wks,FALSE
2230,0.14521298745727407,17.839683301596022,0.4007501937046032,0.6911638413281453,0.9397094767475251,-6.673528984981549,miscanthus_sinensis_15wks vs miscanthus_sinensis_6wks,FALSE
90,0.3715811575388166,20.859986677060693,0.4001713018532772,0.6915860179527593,0.9397094767475251,-6.673763448951441,miscanthus_sinensis_15wks vs miscanthus_sinensis_6wks,FALSE
76,0.4571508616835622,21.041314043041567,0.3999790102244398,0.6917262753711995,0.9397094767475251,-6.673841257039967,miscanthus_sinensis_15wks vs miscanthus_sinensis_6wks,FALSE
3747,0.3120665538253604,19.51861799359894,0.3995853484877709,0.6920134465354337,0.9397094767475251,-6.674000431176243,miscanthus_sinensis_15wks vs miscanthus_sinensis_6wks,FALSE
5081,-0.15218160870499986,21.67943617551144,-0.3984942401693265,0.6928096379422899,0.9397094767475251,-6.674440801189649,miscanthus_sinensis_15wks vs miscanthus_sinensis_6wks,FALSE
3207,0.15598168050767214,17.999880215182255,0.39757144124114485,0.6934832895849976,0.9397094767475251,-6.674812310934152,miscanthus_sinensis_15wks vs miscanthus_sinensis_6wks,FALSE
2449,0.18372506149454892,21.351510107755495,0.3948762438889438,0.6954522574035018,0.9397094767475251,-6.675892486322165,miscanthus_sinensis_15wks vs miscanthus_sinensis_6wks,FALSE
4392,-0.10966709330564584,23.057809259786364,-0.3941569199149515,0.6959781211444822,0.9397094767475251,-6.6761795449986385,miscanthus_sinensis_15wks vs miscanthus_sinensis_6wks,FALSE
202,0.3611760592511324,19.752291303732157,0.3932235212118777,0.6966607126633104,0.9397094767475251,-6.676551261010258,miscanthus_sinensis_15wks vs miscanthus_sinensis_6wks,FALSE
726,-0.3075827560008655,19.894678320878484,-0.39212543270154077,0.6974640701868959,0.9397094767475251,-6.676987445257058,miscanthus_sinensis_15wks vs miscanthus_sinensis_6wks,FALSE
139,-0.3147565000822681,19.437092637651602,-0.3916878936518749,0.697784271031673,0.9397094767475251,-6.677160908455573,miscanthus_sinensis_15wks vs miscanthus_sinensis_6wks,FALSE
89,-0.259267537771791,19.649456062544445,-0.388988360059017,0.6997610925587788,0.9403907066447098,-6.678226899883076,miscanthus_sinensis_15wks vs miscanthus_sinensis_6wks,FALSE
1657,0.1000473954128509,24.008872076261564,0.38826528257327547,0.7002909517566989,0.9403907066447098,-6.6785111883045385,miscanthus_sinensis_15wks vs miscanthus_sinensis_6wks,FALSE
453,-0.3594687467029587,20.423389970901443,-0.38667317767357273,0.7014581572571754,0.9405965223971414,-6.679135299933233,miscanthus_sinensis_15wks vs miscanthus_sinensis_6wks,FALSE
3779,-0.2651033120318793,19.130656022929088,-0.3829210593370902,0.7042118247258911,0.9405965223971414,-6.680596093432539,miscanthus_sinensis_15wks vs miscanthus_sinensis_6wks,FALSE
2291,0.21254151173780755,18.34801115349211,0.38285641900789785,0.7042592997270678,0.9405965223971414,-6.6806211358335466,miscanthus_sinensis_15wks vs miscanthus_sinensis_6wks,FALSE
2948,-0.18085812661555067,20.97352324431695,-0.38165972870814063,0.7051384247306998,0.9405965223971414,-6.681083990445101,miscanthus_sinensis_15wks vs miscanthus_sinensis_6wks,FALSE
67,0.4117493167859827,21.088744673848453,0.3790031994904983,0.7070914621215761,0.9405965223971414,-6.682106346854374,miscanthus_sinensis_15wks vs miscanthus_sinensis_6wks,FALSE
3024,0.07897574979581279,18.677041749492922,0.3782645861892357,0.7076348377057153,0.9405965223971414,-6.682389342047335,miscanthus_sinensis_15wks vs miscanthus_sinensis_6wks,FALSE
331,-0.3253134224665182,20.936640792454554,-0.37772265076600176,0.7080336223539012,0.9405965223971414,-6.682596633230688,miscanthus_sinensis_15wks vs miscanthus_sinensis_6wks,FALSE
3829,0.23994481463421025,22.80646529804515,0.3754417108007154,0.7097129748742093,0.9405965223971414,-6.683465866707991,miscanthus_sinensis_15wks vs miscanthus_sinensis_6wks,FALSE
3013,-0.34220226223085604,20.56619610397231,-0.37313824268858853,0.7114104114765116,0.9405965223971414,-6.684338387682782,miscanthus_sinensis_15wks vs miscanthus_sinensis_6wks,FALSE
488,-0.13708330054955908,24.090484967890337,-0.3716137097665511,0.7125346708795673,0.9405965223971414,-6.6849129309700395,miscanthus_sinensis_15wks vs miscanthus_sinensis_6wks,FALSE
5490,-0.10334666619626631,16.982221119742103,-0.3701437768316403,0.7136192846653207,0.9405965223971414,-6.685464688670866,miscanthus_sinensis_15wks vs miscanthus_sinensis_6wks,FALSE
2125,0.14591735438288822,20.824617876368002,0.3690607510574015,0.7144188002868013,0.9405965223971414,-6.685869828367862,miscanthus_sinensis_15wks vs miscanthus_sinensis_6wks,FALSE
4690,-0.15320783669983484,20.96170306597285,-0.3685373085876244,0.7148053356663033,0.9405965223971414,-6.686065216382464,miscanthus_sinensis_15wks vs miscanthus_sinensis_6wks,FALSE
4906,-0.10500522902057341,17.172086625482038,-0.3681517094149226,0.7150901297905459,0.9405965223971414,-6.686208975003272,miscanthus_sinensis_15wks vs miscanthus_sinensis_6wks,FALSE
5349,0.10521145283610522,17.027501483719576,0.3667754138586567,0.7161069660117705,0.9405965223971414,-6.68672086673912,miscanthus_sinensis_15wks vs miscanthus_sinensis_6wks,FALSE
1122,0.2408055555953581,23.3083329469298,0.3663053601354499,0.7164543723790993,0.9405965223971414,-6.686895260276267,miscanthus_sinensis_15wks vs miscanthus_sinensis_6wks,FALSE
325,0.09102394463661412,26.459447076647095,0.3616543174324452,0.7198951529142024,0.9410561025579243,-6.688608875307848,miscanthus_sinensis_15wks vs miscanthus_sinensis_6wks,FALSE
2644,-0.12209639800652639,17.617251357356928,-0.3616239020384236,0.7199176734560844,0.9410561025579243,-6.68862000996569,miscanthus_sinensis_15wks vs miscanthus_sinensis_6wks,FALSE
335,0.2753106260610494,19.915098487494266,0.3615369492521751,0.7199820575143183,0.9410561025579243,-6.688651837061441,miscanthus_sinensis_15wks vs miscanthus_sinensis_6wks,FALSE
2967,-0.1309209524244963,21.88424686278868,-0.36042048029868634,0.7208089296188356,0.9410561025579243,-6.689059820525363,miscanthus_sinensis_15wks vs miscanthus_sinensis_6wks,FALSE
3054,0.14972511860169035,17.626767705655478,0.3545062372710116,0.7251947720848264,0.9454689122881232,-6.691200137782609,miscanthus_sinensis_15wks vs miscanthus_sinensis_6wks,FALSE
4339,-0.11903924851733905,25.17025645396102,-0.35299208254263037,0.7263191524284454,0.9456232732447903,-6.691742448285668,miscanthus_sinensis_15wks vs miscanthus_sinensis_6wks,FALSE
407,0.28945047157959536,19.35911333453707,0.350139584655986,0.7284390329154259,0.9460546564237109,-6.692757842283575,miscanthus_sinensis_15wks vs miscanthus_sinensis_6wks,FALSE
3246,0.14701777065101496,19.85404431491089,0.34983788456383885,0.7286633736710284,0.9460546564237109,-6.6928647592682005,miscanthus_sinensis_15wks vs miscanthus_sinensis_6wks,FALSE
2147,0.08687677420831008,26.86418888333155,0.34284021619478705,0.7338735409384232,0.951294891795427,-6.695318933078042,miscanthus_sinensis_15wks vs miscanthus_sinensis_6wks,FALSE
2565,-0.1418809724284671,25.456368439130912,-0.34170029386555956,0.734723501535617,0.951294891795427,-6.695714055769723,miscanthus_sinensis_15wks vs miscanthus_sinensis_6wks,FALSE
62,-0.192663016155052,26.893068863822833,-0.3346177276832928,0.7400120550478837,0.9558967462587764,-6.698139748802088,miscanthus_sinensis_15wks vs miscanthus_sinensis_6wks,FALSE
348,0.16837529689860276,23.278230301941477,0.3342171914621378,0.7403115226344565,0.9558967462587764,-6.698275420194973,miscanthus_sinensis_15wks vs miscanthus_sinensis_6wks,FALSE
388,0.30645058958117133,20.121509560952912,0.3328126109579837,0.7413620056152936,0.9559400346754129,-6.698749910515748,miscanthus_sinensis_15wks vs miscanthus_sinensis_6wks,FALSE
5391,0.1642295508458318,18.23726851391511,0.33042293879370604,0.7431503944409203,0.95623110950388,-6.699552619666095,miscanthus_sinensis_15wks vs miscanthus_sinensis_6wks,FALSE
6159,-0.12256191153137763,21.517112775282058,-0.32979272468758497,0.7436222777099322,0.95623110950388,-6.699763355900247,miscanthus_sinensis_15wks vs miscanthus_sinensis_6wks,FALSE
1044,-0.1758322060151336,25.979266592968905,-0.3267954894695132,0.7458678827526998,0.9578084833163085,-6.700760125729418,miscanthus_sinensis_15wks vs miscanthus_sinensis_6wks,FALSE
1255,-0.22294160307939137,19.39359584345556,-0.3225021687767682,0.7490884797883754,0.9599006744304364,-6.7021721737464555,miscanthus_sinensis_15wks vs miscanthus_sinensis_6wks,FALSE
2200,-0.19937538388475318,18.59191183287273,-0.3188630849093936,0.7518218968838896,0.9599006744304364,-6.703354516870022,miscanthus_sinensis_15wks vs miscanthus_sinensis_6wks,FALSE
536,-0.15736917638466963,20.99102904295633,-0.31877128434678687,0.7518908931218286,0.9599006744304364,-6.703384170567947,miscanthus_sinensis_15wks vs miscanthus_sinensis_6wks,FALSE
4581,0.09535687875089138,22.629700594907323,0.3180031294339759,0.7524683106542748,0.9599006744304364,-6.7036319697243965,miscanthus_sinensis_15wks vs miscanthus_sinensis_6wks,FALSE
2643,-0.07736586198177164,18.708889802054497,-0.3178240085750595,0.7526029755906719,0.9599006744304364,-6.7036896669064445,miscanthus_sinensis_15wks vs miscanthus_sinensis_6wks,FALSE
2993,0.08494941834030456,20.240184120832815,0.31593057405567954,0.7540269601773029,0.9604137433152639,-6.7042975911153,miscanthus_sinensis_15wks vs miscanthus_sinensis_6wks,FALSE
2947,-0.3448977482843816,22.0531458334843,-0.31337805130051993,0.7559480056181329,0.9615576796766508,-6.705111413873237,miscanthus_sinensis_15wks vs miscanthus_sinensis_6wks,FALSE
3550,-0.08501368987262126,17.387726056317224,-0.3092738794172902,0.7590401376200816,0.9626715486812082,-6.706406190420166,miscanthus_sinensis_15wks vs miscanthus_sinensis_6wks,FALSE
4177,-0.14814045586826197,18.880042008322153,-0.3088066248406495,0.7593924294473328,0.9626715486812082,-6.706552523089138,miscanthus_sinensis_15wks vs miscanthus_sinensis_6wks,FALSE
72,0.5058855499791477,21.243112663625936,0.3081387759243245,0.7598960522568685,0.9626715486812082,-6.70676129509276,miscanthus_sinensis_15wks vs miscanthus_sinensis_6wks,FALSE
31,-0.1602901456812056,24.08990712907955,-0.3043825585827955,0.7627305814691334,0.9649619738640449,-6.707927130152592,miscanthus_sinensis_15wks vs miscanthus_sinensis_6wks,FALSE
129,-0.3149206080196123,22.131386447284598,-0.3021900325027854,0.764386654686172,0.9653262414471349,-6.708601063044371,miscanthus_sinensis_15wks vs miscanthus_sinensis_6wks,FALSE
5719,-0.17305919222379273,18.450436838033898,-0.30128259919432543,0.7650723934873569,0.9653262414471349,-6.708878569934815,miscanthus_sinensis_15wks vs miscanthus_sinensis_6wks,FALSE
6213,0.17168746996723527,18.2781569949055,0.2970063131226704,0.7683065263975678,0.9678820241665163,-6.710175150925291,miscanthus_sinensis_15wks vs miscanthus_sinensis_6wks,FALSE
5621,-0.0949154036155413,18.207851564166237,-0.2946918169316616,0.770058732514667,0.9678820241665163,-6.7108692228841305,miscanthus_sinensis_15wks vs miscanthus_sinensis_6wks,FALSE
1586,-0.11713590325900469,23.33906367152544,-0.2928413734514079,0.7714605081154086,0.9678820241665163,-6.711420249089212,miscanthus_sinensis_15wks vs miscanthus_sinensis_6wks,FALSE
82,-0.0683836547314094,23.94370886299192,-0.2916934497464308,0.7723304930557784,0.9678820241665163,-6.711760343131852,miscanthus_sinensis_15wks vs miscanthus_sinensis_6wks,FALSE
3350,0.17106841797302863,19.523151719375804,0.29028386422272917,0.773399194819968,0.9678820241665163,-6.7121761416407715,miscanthus_sinensis_15wks vs miscanthus_sinensis_6wks,FALSE
4728,0.13513234264159024,17.51785283194909,0.2890333197718481,0.7743476930798125,0.9678820241665163,-6.71254334882344,miscanthus_sinensis_15wks vs miscanthus_sinensis_6wks,FALSE
14,0.10500303752439777,26.340644185611346,0.28828442732918547,0.7749158729731045,0.9678820241665163,-6.712762496870258,miscanthus_sinensis_15wks vs miscanthus_sinensis_6wks,FALSE
1732,0.14159021743106237,19.11635967713317,0.28763529879107064,0.7754084646231447,0.9678820241665163,-6.712951993381596,miscanthus_sinensis_15wks vs miscanthus_sinensis_6wks,FALSE
1385,0.17938866262159792,18.2538798417119,0.28637522413111605,0.7763649427888865,0.9678820241665163,-6.713318626697072,miscanthus_sinensis_15wks vs miscanthus_sinensis_6wks,FALSE
175,0.09297182102324797,25.99944105134068,0.2844670134906909,0.7778140729198999,0.9684042762181535,-6.713870793325233,miscanthus_sinensis_15wks vs miscanthus_sinensis_6wks,FALSE
1822,-0.08135354902090697,22.364014784599394,-0.28081851401269736,0.780587056871518,0.9705712082794007,-6.714916309301617,miscanthus_sinensis_15wks vs miscanthus_sinensis_6wks,FALSE
3729,0.11639440261696521,24.806467441635064,0.27842158910481957,0.7824103935212663,0.971380713641653,-6.715595862853513,miscanthus_sinensis_15wks vs miscanthus_sinensis_6wks,FALSE
1434,-0.26617465981535915,21.74471197402492,-0.27485103770117963,0.7851288223692036,0.971380713641653,-6.716597400516983,miscanthus_sinensis_15wks vs miscanthus_sinensis_6wks,FALSE
3004,0.10597182717712528,19.059963514760117,0.2747094720979621,0.7852366596766911,0.971380713641653,-6.716636844395318,miscanthus_sinensis_15wks vs miscanthus_sinensis_6wks,FALSE
383,-0.27284426816561336,20.510792031563366,-0.271345078600587,0.7878007433211384,0.971380713641653,-6.717568299206225,miscanthus_sinensis_15wks vs miscanthus_sinensis_6wks,FALSE
4893,-0.23604836776792482,19.250186022607323,-0.2709683316512227,0.7880880214169259,0.971380713641653,-6.717671892710046,miscanthus_sinensis_15wks vs miscanthus_sinensis_6wks,FALSE
2568,0.1519857663385551,18.588977565232252,0.27091544436110665,0.7881283515890516,0.971380713641653,-6.7176864235739,miscanthus_sinensis_15wks vs miscanthus_sinensis_6wks,FALSE
2950,-0.22735319716113267,19.864090140205928,-0.27046510255916606,0.7884717920304056,0.971380713641653,-6.717810041278321,miscanthus_sinensis_15wks vs miscanthus_sinensis_6wks,FALSE
857,-0.08248415105932239,26.310659330553243,-0.2686229746648163,0.7898770857231692,0.9718382991881924,-6.718313569048996,miscanthus_sinensis_15wks vs miscanthus_sinensis_6wks,FALSE
92,0.29950419459427025,22.516412577149353,0.2662890354432604,0.7916585908511795,0.9727569613073317,-6.718946608233539,miscanthus_sinensis_15wks vs miscanthus_sinensis_6wks,FALSE
1939,0.1194481341970679,22.624172183689836,0.2597658466465408,0.7966437748866209,0.9776046323673937,-6.720686733711872,miscanthus_sinensis_15wks vs miscanthus_sinensis_6wks,FALSE
2705,-0.11062715373956422,18.23002526201042,-0.257250376731487,0.7985684928836455,0.9777104391798636,-6.721346278155399,miscanthus_sinensis_15wks vs miscanthus_sinensis_6wks,FALSE
1905,0.12857959440719569,25.58197471263063,0.25487722714682665,0.8003854884635293,0.9777104391798636,-6.721962646970769,miscanthus_sinensis_15wks vs miscanthus_sinensis_6wks,FALSE
254,-0.07810130545802352,23.122051339838674,-0.25481971158406214,0.8004295391659855,0.9777104391798636,-6.721977514642596,miscanthus_sinensis_15wks vs miscanthus_sinensis_6wks,FALSE
2072,-0.10135436172386392,22.805458861266747,-0.2542179462302394,0.8008904661366968,0.9777104391798636,-6.722132869513049,miscanthus_sinensis_15wks vs miscanthus_sinensis_6wks,FALSE
1314,0.1452125907102655,21.873172383269587,0.25154568911926467,0.8029381763213921,0.978938892013111,-6.722818333364238,miscanthus_sinensis_15wks vs miscanthus_sinensis_6wks,FALSE
106,-0.15049185261769082,19.526900719204637,-0.24844939017207024,0.8053125927845459,0.9795574827579474,-6.723603544508582,miscanthus_sinensis_15wks vs miscanthus_sinensis_6wks,FALSE
57,-0.08788251684698523,28.47252289796094,-0.24763977143026397,0.8059337647762839,0.9795574827579474,-6.723807263253212,miscanthus_sinensis_15wks vs miscanthus_sinensis_6wks,FALSE
4637,0.12980997425381702,19.624144836410217,0.24171037696747627,0.810486912270222,0.9795574827579474,-6.725279042093883,miscanthus_sinensis_15wks vs miscanthus_sinensis_6wks,FALSE
3030,-0.0960231093884083,18.968511020402925,-0.2416749661583295,0.8105141243479724,0.9795574827579474,-6.725287724919269,miscanthus_sinensis_15wks vs miscanthus_sinensis_6wks,FALSE
2124,-0.049670166297929086,25.259770515137973,-0.24143078795535253,0.8107017740280091,0.9795574827579474,-6.725347563561883,miscanthus_sinensis_15wks vs miscanthus_sinensis_6wks,FALSE
4204,0.16474359749024714,18.79244854162089,0.2404403057291828,0.8114630710133328,0.9795574827579474,-6.7255896743368435,miscanthus_sinensis_15wks vs miscanthus_sinensis_6wks,FALSE
5070,-0.12468489791564963,19.357344647344235,-0.2403982464001424,0.8114954024696983,0.9795574827579474,-6.7255999332524965,miscanthus_sinensis_15wks vs miscanthus_sinensis_6wks,FALSE
890,0.085846863603944,26.91410373128267,0.23890091028678379,0.8126466393450946,0.9795574827579474,-6.725963991328618,miscanthus_sinensis_15wks vs miscanthus_sinensis_6wks,FALSE
4118,0.10520642581110451,17.718740431075048,0.238282314234426,0.813122374826571,0.9795574827579474,-6.72611373335252,miscanthus_sinensis_15wks vs miscanthus_sinensis_6wks,FALSE
526,-0.13116108564274143,21.872784653527354,-0.23675458135709315,0.8142975967319724,0.9795574827579474,-6.7264818902052035,miscanthus_sinensis_15wks vs miscanthus_sinensis_6wks,FALSE
4029,0.11779961431497554,19.297546713252665,0.23539182315113794,0.8153462794254129,0.9795574827579474,-6.726808299596986,miscanthus_sinensis_15wks vs miscanthus_sinensis_6wks,FALSE
5053,0.11585948536400537,18.136213533977312,0.23460679170975982,0.8159505414888009,0.9795574827579474,-6.726995478742893,miscanthus_sinensis_15wks vs miscanthus_sinensis_6wks,FALSE
4013,-0.08085242407750926,25.744194288122003,-0.23243665928464197,0.8176215514104561,0.9803115539870265,-6.727509672116169,miscanthus_sinensis_15wks vs miscanthus_sinensis_6wks,FALSE
4651,0.09026258926203568,18.38187049292184,0.22747918904493827,0.8214420620073808,0.9835498480475413,-6.72866643187545,miscanthus_sinensis_15wks vs miscanthus_sinensis_6wks,FALSE
3500,-0.08060604331205923,19.145913479166396,-0.22621752273672394,0.8224150857078378,0.9835498480475413,-6.72895685663432,miscanthus_sinensis_15wks vs miscanthus_sinensis_6wks,FALSE
44,0.07128911250820025,26.792816248004012,0.22064411549989082,0.8267168126465833,0.9846605775792094,-6.730220537936555,miscanthus_sinensis_15wks vs miscanthus_sinensis_6wks,FALSE
1574,0.052112848677122514,26.0288791914848,0.21984567819153572,0.8273335199781718,0.9846605775792094,-6.730398997215677,miscanthus_sinensis_15wks vs miscanthus_sinensis_6wks,FALSE
819,0.16072569620733645,20.82155484171989,0.21573616792493566,0.8305094297382278,0.9846605775792094,-6.731307312109204,miscanthus_sinensis_15wks vs miscanthus_sinensis_6wks,FALSE
4553,-0.11072406339302887,18.492921978235906,-0.2149526242617478,0.8311152980755082,0.9846605775792094,-6.731478556914297,miscanthus_sinensis_15wks vs miscanthus_sinensis_6wks,FALSE
177,0.16792525225788069,21.433754839165882,0.2125559091372723,0.8329691873124325,0.9846605775792094,-6.731998506007518,miscanthus_sinensis_15wks vs miscanthus_sinensis_6wks,FALSE
4503,-0.15731762142574723,24.43221946880198,-0.20994925393244163,0.8349865706336987,0.9846605775792094,-6.732557399764799,miscanthus_sinensis_15wks vs miscanthus_sinensis_6wks,FALSE
3703,0.0705836495696559,26.795606287709667,0.2085612351436426,0.8360612721889215,0.9846605775792094,-6.732852199061251,miscanthus_sinensis_15wks vs miscanthus_sinensis_6wks,FALSE
4444,0.13716975737674275,18.538206823847762,0.20830252751377165,0.8362616172420084,0.9846605775792094,-6.732906929972276,miscanthus_sinensis_15wks vs miscanthus_sinensis_6wks,FALSE
2851,-0.10267918871351256,20.693500295403396,-0.2056338319086822,0.8383289201735404,0.9846605775792094,-6.733467551684864,miscanthus_sinensis_15wks vs miscanthus_sinensis_6wks,FALSE
485,0.0688211243453054,25.910343017168028,0.20300599851219464,0.8403657100220769,0.9846605775792094,-6.734012543773157,miscanthus_sinensis_15wks vs miscanthus_sinensis_6wks,FALSE
3807,-0.07766684427550885,18.33724720863099,-0.20237731274500975,0.8408531601443074,0.9846605775792094,-6.734141891838605,miscanthus_sinensis_15wks vs miscanthus_sinensis_6wks,FALSE
3035,0.13127159548274037,18.961742289029797,0.19672905472532298,0.8452353636850827,0.9846605775792094,-6.735286034521942,miscanthus_sinensis_15wks vs miscanthus_sinensis_6wks,FALSE
2266,0.06517572118835346,20.249033612986562,0.19653736525183743,0.8453841747747094,0.9846605775792094,-6.735324297388937,miscanthus_sinensis_15wks vs miscanthus_sinensis_6wks,FALSE
710,-0.05936931548249902,24.01990847425084,-0.19538735471885652,0.8462770641749674,0.9846605775792094,-6.735553068049471,miscanthus_sinensis_15wks vs miscanthus_sinensis_6wks,FALSE
292,0.17304136384318625,20.8433482556381,0.1934942831261871,0.847747328967962,0.9846605775792094,-6.73592673798828,miscanthus_sinensis_15wks vs miscanthus_sinensis_6wks,FALSE
4211,0.08227820432155397,22.373298140741426,0.19137549212157162,0.8493935570486295,0.9846605775792094,-6.736340657456455,miscanthus_sinensis_15wks vs miscanthus_sinensis_6wks,FALSE
173,0.03847676026521896,22.48165070582101,0.1909383089528502,0.8497333191406967,0.9846605775792094,-6.736425498074123,miscanthus_sinensis_15wks vs miscanthus_sinensis_6wks,FALSE
4258,-0.07243470690229259,20.922737108609667,-0.19040357640524144,0.8501489325611706,0.9846605775792094,-6.736529006091503,miscanthus_sinensis_15wks vs miscanthus_sinensis_6wks,FALSE
563,0.05314479193244992,28.59230395196629,0.18860319796821862,0.8515485710175283,0.9846605775792094,-6.736875375467295,miscanthus_sinensis_15wks vs miscanthus_sinensis_6wks,FALSE
364,-0.06815112716865102,24.862223285932146,-0.1843298163489814,0.8548727054619882,0.9846605775792094,-6.737684371225506,miscanthus_sinensis_15wks vs miscanthus_sinensis_6wks,FALSE
1013,0.10924053080302443,20.181991414148406,0.1832657510560719,0.8557008311838555,0.9846605775792094,-6.737882932879098,miscanthus_sinensis_15wks vs miscanthus_sinensis_6wks,FALSE
3122,-0.203748053820906,20.212020453150167,-0.1828054846301467,0.8560590923879069,0.9846605775792094,-6.737968466219482,miscanthus_sinensis_15wks vs miscanthus_sinensis_6wks,FALSE
2740,0.09166477959436392,18.046748634830028,0.1814938774997596,0.8570801882536776,0.9846605775792094,-6.738211030572417,miscanthus_sinensis_15wks vs miscanthus_sinensis_6wks,FALSE
1719,0.04279544880254704,17.627891653378253,0.1813850291353465,0.857164938776866,0.9846605775792094,-6.738231082302263,miscanthus_sinensis_15wks vs miscanthus_sinensis_6wks,FALSE
119,0.07462494335541692,24.80176758901919,0.18044176643436635,0.8578994454052782,0.9846605775792094,-6.738404344617807,miscanthus_sinensis_15wks vs miscanthus_sinensis_6wks,FALSE
589,-0.05504533471403761,25.905127415873256,-0.18041016957742442,0.8579240517051903,0.9846605775792094,-6.738410132850453,miscanthus_sinensis_15wks vs miscanthus_sinensis_6wks,FALSE
2477,-0.04401300084669657,17.281323900228845,-0.17736307140559812,0.860297677766089,0.9846605775792094,-6.738963578054774,miscanthus_sinensis_15wks vs miscanthus_sinensis_6wks,FALSE
285,0.09597284321604604,18.772639494255163,0.16798562508084158,0.867610702817922,0.9846605775792094,-6.7406077654393695,miscanthus_sinensis_15wks vs miscanthus_sinensis_6wks,FALSE
366,-0.0361294710434521,21.390098106512568,-0.1679087825133002,0.8676706785773403,0.9846605775792094,-6.74062087038112,miscanthus_sinensis_15wks vs miscanthus_sinensis_6wks,FALSE
134,0.11489226656992457,22.65237334273917,0.1664282169092294,0.868826417721865,0.9846605775792094,-6.740872201340585,miscanthus_sinensis_15wks vs miscanthus_sinensis_6wks,FALSE
4729,-0.07967914588832414,19.98666031553197,-0.16536041218771105,0.8696601351211922,0.9846605775792094,-6.741052085464355,miscanthus_sinensis_15wks vs miscanthus_sinensis_6wks,FALSE
2632,-0.10876946602395421,18.918768710245207,-0.16527615672678592,0.8697259263117887,0.9846605775792094,-6.74106623007403,miscanthus_sinensis_15wks vs miscanthus_sinensis_6wks,FALSE
295,0.12835027445859026,21.23490475649898,0.16434705098560207,0.8704514844164741,0.9846605775792094,-6.741221728914273,miscanthus_sinensis_15wks vs miscanthus_sinensis_6wks,FALSE
3351,0.15072728166575544,19.7766559049676,0.16359423810661625,0.8710394553972509,0.9846605775792094,-6.741347080843113,miscanthus_sinensis_15wks vs miscanthus_sinensis_6wks,FALSE
1319,-0.05477691685966235,17.52879028130127,-0.1627134378483106,0.8717274832138543,0.9846605775792094,-6.741493014724099,miscanthus_sinensis_15wks vs miscanthus_sinensis_6wks,FALSE
5013,0.13524025936012762,19.844134595693205,0.16271207326774526,0.871728549220427,0.9846605775792094,-6.741493240202051,miscanthus_sinensis_15wks vs miscanthus_sinensis_6wks,FALSE
6148,-0.06867269422788169,26.2076927770574,-0.16261851659967272,0.871801636012172,0.9846605775792094,-6.7415086946380525,miscanthus_sinensis_15wks vs miscanthus_sinensis_6wks,FALSE
2265,0.11277924799988526,19.209848715484448,0.16186074008790688,0.8723936557555588,0.9846605775792094,-6.74163354316306,miscanthus_sinensis_15wks vs miscanthus_sinensis_6wks,FALSE
2769,-0.028390769921685433,20.25796455686637,-0.16037275143185473,0.873556377487034,0.9846605775792094,-6.741877004736491,miscanthus_sinensis_15wks vs miscanthus_sinensis_6wks,FALSE
3347,-0.10160550775406207,22.135214518989496,-0.15897327446047446,0.874650196426494,0.9846605775792094,-6.742103935574135,miscanthus_sinensis_15wks vs miscanthus_sinensis_6wks,FALSE
1499,0.16067616977585786,23.797571877012665,0.15852402070148158,0.8750013824453882,0.9846605775792094,-6.742176362805814,miscanthus_sinensis_15wks vs miscanthus_sinensis_6wks,FALSE
5635,0.034916801036199985,16.924689516679702,0.15657701820362935,0.8765236698046068,0.9846605775792094,-6.742487886778778,miscanthus_sinensis_15wks vs miscanthus_sinensis_6wks,FALSE
1084,-0.2705323546337013,25.40192158097956,-0.1563859293947168,0.876673100730351,0.9846605775792094,-6.742518254188692,miscanthus_sinensis_15wks vs miscanthus_sinensis_6wks,FALSE
387,-0.13251303149180416,20.538001129711017,-0.15546451738538836,0.8773937068184923,0.9846605775792094,-6.7426641631971185,miscanthus_sinensis_15wks vs miscanthus_sinensis_6wks,FALSE
4174,-0.061343043309683765,23.918574702706888,-0.1551815731969046,0.8776150095333545,0.9846605775792094,-6.742708795676751,miscanthus_sinensis_15wks vs miscanthus_sinensis_6wks,FALSE
2563,-0.05368658900217582,16.94508450508509,-0.1541217885617049,0.8784440010314317,0.9846605775792094,-6.742875247803594,miscanthus_sinensis_15wks vs miscanthus_sinensis_6wks,FALSE
1904,-0.046152301267667895,24.900698777290096,-0.1519918417517446,0.8801105222285658,0.9846605775792094,-6.743206336981421,miscanthus_sinensis_15wks vs miscanthus_sinensis_6wks,FALSE
5631,0.03740653021928253,17.432455973525794,0.15050455363683812,0.881274541709004,0.9846605775792094,-6.743434800124234,miscanthus_sinensis_15wks vs miscanthus_sinensis_6wks,FALSE
424,-0.08561655814564872,19.620214533487236,-0.1499441519532636,0.8817132073281395,0.9846605775792094,-6.743520301811822,miscanthus_sinensis_15wks vs miscanthus_sinensis_6wks,FALSE
385,0.04640153693426896,27.196600629130103,0.14807654078188615,0.8831753904601536,0.9846605775792094,-6.743802947645522,miscanthus_sinensis_15wks vs miscanthus_sinensis_6wks,FALSE
3957,-0.04013561432191892,21.495324959063677,-0.14778335494505807,0.8834049683518779,0.9846605775792094,-6.743846997354136,miscanthus_sinensis_15wks vs miscanthus_sinensis_6wks,FALSE
446,-0.041110551963317477,23.011642319362817,-0.14678607474715064,0.8841859607971209,0.9846605775792094,-6.743996181040938,miscanthus_sinensis_15wks vs miscanthus_sinensis_6wks,FALSE
501,-0.049655603675322624,24.893052875016192,-0.1466948673456198,0.8842573932406497,0.9846605775792094,-6.744009774455763,miscanthus_sinensis_15wks vs miscanthus_sinensis_6wks,FALSE
1250,-0.11457184519345631,19.54062967404121,-0.14237022742848765,0.8876455132680356,0.9846605775792094,-6.7446446266430025,miscanthus_sinensis_15wks vs miscanthus_sinensis_6wks,FALSE
3028,0.08335178226278117,21.69765571093791,0.1419011595575574,0.888013132688332,0.9846605775792094,-6.744712344777515,miscanthus_sinensis_15wks vs miscanthus_sinensis_6wks,FALSE
4540,0.06723102713876372,18.099073260152544,0.1417347596275,0.8881435502480051,0.9846605775792094,-6.74473631387659,miscanthus_sinensis_15wks vs miscanthus_sinensis_6wks,FALSE
3930,-0.06006828358475502,18.248902932659114,-0.13991407080128304,0.8895707388529464,0.9846605775792094,-6.744996740104131,miscanthus_sinensis_15wks vs miscanthus_sinensis_6wks,FALSE
982,-0.10479332547464537,18.203349270963262,-0.13959643602512667,0.8898197626229389,0.9846605775792094,-6.74504182916568,miscanthus_sinensis_15wks vs miscanthus_sinensis_6wks,FALSE
375,-0.046969380275992734,24.831495916832655,-0.13511500097081885,0.8933343807183012,0.9846605775792094,-6.745667070351052,miscanthus_sinensis_15wks vs miscanthus_sinensis_6wks,FALSE
4259,0.1241516501897415,20.1523563038171,0.13410062879918638,0.8941302207277432,0.9846605775792094,-6.745805765496441,miscanthus_sinensis_15wks vs miscanthus_sinensis_6wks,FALSE
1666,0.09387263021512737,19.730395417909133,0.13395195905548213,0.8942468710587136,0.9846605775792094,-6.745826005394827,miscanthus_sinensis_15wks vs miscanthus_sinensis_6wks,FALSE
3129,-0.03378149421529386,17.6252870114357,-0.13295790982448402,0.8950268904924835,0.9846605775792094,-6.745960758962343,miscanthus_sinensis_15wks vs miscanthus_sinensis_6wks,FALSE
749,-0.09646265016758448,20.199078005710007,-0.1328454667711145,0.8951151300089992,0.9846605775792094,-6.745975938649447,miscanthus_sinensis_15wks vs miscanthus_sinensis_6wks,FALSE
601,-0.03657131729815433,24.498875875943273,-0.1315404346668045,0.8961393509603863,0.9846605775792094,-6.7461511780100025,miscanthus_sinensis_15wks vs miscanthus_sinensis_6wks,FALSE
5431,0.07173051942237407,22.642966158095497,0.13091305864606398,0.8966317954666961,0.9846605775792094,-6.746234806799573,miscanthus_sinensis_15wks vs miscanthus_sinensis_6wks,FALSE
2530,0.07448864830286084,20.361970053716693,0.12981335058487217,0.8974950865884284,0.9846605775792094,-6.74638043348043,miscanthus_sinensis_15wks vs miscanthus_sinensis_6wks,FALSE
1401,0.02716720954010654,19.481047415383397,0.12978309429636664,0.8975188401316236,0.9846605775792094,-6.746384422763532,miscanthus_sinensis_15wks vs miscanthus_sinensis_6wks,FALSE
3401,-0.07835426483522667,21.927906380465046,-0.12831105207025795,0.8986746235043386,0.9846605775792094,-6.746577389054134,miscanthus_sinensis_15wks vs miscanthus_sinensis_6wks,FALSE
408,0.13105431364039433,21.941702618550668,0.12540423593855912,0.900957586527554,0.9846605775792094,-6.74695197769583,miscanthus_sinensis_15wks vs miscanthus_sinensis_6wks,FALSE
5742,-0.029736637516144526,16.831896088456777,-0.12240652348485441,0.9033128352965316,0.9846605775792094,-6.74732929811986,miscanthus_sinensis_15wks vs miscanthus_sinensis_6wks,FALSE
108,-0.02653068607377662,23.506265245505197,-0.12087542960553069,0.9045161329288395,0.9846605775792094,-6.747518497305955,miscanthus_sinensis_15wks vs miscanthus_sinensis_6wks,FALSE
4286,0.05846211655726208,18.46156256594788,0.12058578789217596,0.9047437903023646,0.9846605775792094,-6.747554021069103,miscanthus_sinensis_15wks vs miscanthus_sinensis_6wks,FALSE
5790,0.0871615130856398,18.961143461747827,0.11822727964902721,0.9065978725595816,0.9846605775792094,-6.747840115984621,miscanthus_sinensis_15wks vs miscanthus_sinensis_6wks,FALSE
569,0.026302262778440166,23.411714763601882,0.11802631271086364,0.9067558824524163,0.9846605775792094,-6.747864232898056,miscanthus_sinensis_15wks vs miscanthus_sinensis_6wks,FALSE
16,-0.02655528627180459,26.141472729186624,-0.11747727667069385,0.9071875807020557,0.9846605775792094,-6.747929910644047,miscanthus_sinensis_15wks vs miscanthus_sinensis_6wks,FALSE
300,0.09431030168787302,20.864406010202266,0.11734457169532532,0.9072919288071437,0.9846605775792094,-6.7479457393941695,miscanthus_sinensis_15wks vs miscanthus_sinensis_6wks,FALSE
1920,0.031738005785229007,22.933590966113197,0.11637465618143929,0.9080546400115709,0.9846605775792094,-6.748060885953974,miscanthus_sinensis_15wks vs miscanthus_sinensis_6wks,FALSE
3730,0.04189961659596264,25.527018974247238,0.11376317491200148,0.9101086657565793,0.9846605775792094,-6.748366169232047,miscanthus_sinensis_15wks vs miscanthus_sinensis_6wks,FALSE
2908,-0.05699179284663458,21.732923718797046,-0.1132286245746143,0.9105291871363368,0.9846605775792094,-6.748427804832646,miscanthus_sinensis_15wks vs miscanthus_sinensis_6wks,FALSE
4064,0.08916917712773298,19.344917470050927,0.11256280746304685,0.9110530104237211,0.9846605775792094,-6.748504170308335,miscanthus_sinensis_15wks vs miscanthus_sinensis_6wks,FALSE
5092,-0.06275842568066992,23.853182289596777,-0.11201762010707793,0.9114819598712797,0.9846605775792094,-6.748566365116436,miscanthus_sinensis_15wks vs miscanthus_sinensis_6wks,FALSE
370,-0.10756592580173319,19.91724087270586,-0.11189779812844268,0.9115762385529493,0.9846605775792094,-6.748579993926041,miscanthus_sinensis_15wks vs miscanthus_sinensis_6wks,FALSE
18,-0.03849059178590153,22.23261004154646,-0.11109711247853134,0.9122062697320653,0.9846605775792094,-6.748670691525308,miscanthus_sinensis_15wks vs miscanthus_sinensis_6wks,FALSE
4216,0.08563992686794464,19.839624495796023,0.1102867515587038,0.9128439727948822,0.9846605775792094,-6.748761822415318,miscanthus_sinensis_15wks vs miscanthus_sinensis_6wks,FALSE
5422,0.044061647485278854,18.196151669075167,0.11009117920097224,0.9129978847434255,0.9846605775792094,-6.748783716066867,miscanthus_sinensis_15wks vs miscanthus_sinensis_6wks,FALSE
2155,-0.0620551456842513,20.135681905634673,-0.10622543460883842,0.9160408492328727,0.9846605775792094,-6.749208503314604,miscanthus_sinensis_15wks vs miscanthus_sinensis_6wks,FALSE
3105,0.017991363394717297,20.04442691677816,0.10569178827340109,0.916461017101904,0.9846605775792094,-6.749265951259056,miscanthus_sinensis_15wks vs miscanthus_sinensis_6wks,FALSE
2129,0.02710135088610599,20.690941837386234,0.10566306848207005,0.9164836303994728,0.9846605775792094,-6.749269034794944,miscanthus_sinensis_15wks vs miscanthus_sinensis_6wks,FALSE
3863,-0.0764521553448958,18.829728022216543,-0.10555039679995441,0.9165723461508598,0.9846605775792094,-6.749281123842131,miscanthus_sinensis_15wks vs miscanthus_sinensis_6wks,FALSE
2838,-0.04396878433552942,22.160869301787685,-0.10174297809935297,0.919570873646556,0.9858802635438252,-6.7496820617541315,miscanthus_sinensis_15wks vs miscanthus_sinensis_6wks,FALSE
534,0.06269406239538,21.828802241032587,0.09983247505707554,0.9210759412807008,0.9858802635438252,-6.749877700197789,miscanthus_sinensis_15wks vs miscanthus_sinensis_6wks,FALSE
5495,0.05601949997783606,18.471982877006084,0.09822206489977628,0.9223448297729032,0.9858802635438252,-6.750039729952648,miscanthus_sinensis_15wks vs miscanthus_sinensis_6wks,FALSE
473,-0.056503577841343855,18.154830349657274,-0.09768960061711249,0.9227644193327753,0.9858802635438252,-6.750092723994619,miscanthus_sinensis_15wks vs miscanthus_sinensis_6wks,FALSE
2694,-0.040496212808818655,25.395408188197628,-0.09589100260087959,0.9241819060655514,0.9858802635438252,-6.750269602559441,miscanthus_sinensis_15wks vs miscanthus_sinensis_6wks,FALSE
54,-0.05185925766061672,21.67716536804895,-0.09484956732492444,0.9250027833392395,0.9858802635438252,-6.750370518141448,miscanthus_sinensis_15wks vs miscanthus_sinensis_6wks,FALSE
1551,-0.04204149251219391,22.127821397770983,-0.09192263122093638,0.9273102891279413,0.9858802635438252,-6.750648242047901,miscanthus_sinensis_15wks vs miscanthus_sinensis_6wks,FALSE
4580,-0.0647909729000844,25.496526207482823,-0.09157074290407248,0.9275877504358068,0.9858802635438252,-6.7506810453123505,miscanthus_sinensis_15wks vs miscanthus_sinensis_6wks,FALSE
5889,-0.04660368751359911,20.200365181943862,-0.08840091662368174,0.9300875455607411,0.9858802635438252,-6.750970870155022,miscanthus_sinensis_15wks vs miscanthus_sinensis_6wks,FALSE
4918,-0.031564173344737156,17.59028170304837,-0.08682938302123812,0.9313271608278164,0.9858802635438252,-6.751110775558642,miscanthus_sinensis_15wks vs miscanthus_sinensis_6wks,FALSE
111,-0.019898518811771737,26.442061819427444,-0.08587894776446092,0.932076942581751,0.9858802635438252,-6.751194170621868,miscanthus_sinensis_15wks vs miscanthus_sinensis_6wks,FALSE
4582,-0.09223973549986653,18.62411254545328,-0.08510353333718058,0.9326887001803799,0.9858802635438252,-6.751261529053961,miscanthus_sinensis_15wks vs miscanthus_sinensis_6wks,FALSE
1535,-0.05548774215341368,21.61445417753401,-0.08482101370517393,0.9329116023518205,0.9858802635438252,-6.751285919088956,miscanthus_sinensis_15wks vs miscanthus_sinensis_6wks,FALSE
3404,-0.06696795057749583,20.073756719394215,-0.08399601371911052,0.933562541769332,0.9858802635438252,-6.751356677667168,miscanthus_sinensis_15wks vs miscanthus_sinensis_6wks,FALSE
707,0.036978021387415794,22.83795632067174,0.08144415946126163,0.9355762914824819,0.9858802635438252,-6.751571168857929,miscanthus_sinensis_15wks vs miscanthus_sinensis_6wks,FALSE
1311,0.07090839231436874,20.11047008841911,0.08117827380270604,0.935786135375807,0.9858802635438252,-6.7515931368852256,miscanthus_sinensis_15wks vs miscanthus_sinensis_6wks,FALSE
4166,0.02560348723335082,26.186971586872392,0.08045344840937066,0.9363582101177261,0.9858802635438252,-6.751652658780537,miscanthus_sinensis_15wks vs miscanthus_sinensis_6wks,FALSE
83,-0.05962566697084881,19.671386532751345,-0.07954136994038637,0.9370781247562605,0.9858802635438252,-6.7517267994683525,miscanthus_sinensis_15wks vs miscanthus_sinensis_6wks,FALSE
2911,-0.02930487910371582,22.686649707154558,-0.0788358221346423,0.9376350591576379,0.9858802635438252,-6.751783572132698,miscanthus_sinensis_15wks vs miscanthus_sinensis_6wks,FALSE
222,0.055474531828320295,19.47604097015599,0.07477281890026297,0.9408428618276108,0.9880513168177344,-6.752100666018633,miscanthus_sinensis_15wks vs miscanthus_sinensis_6wks,FALSE
186,0.04106143880910196,20.496510144242897,0.07276248511186428,0.9424304254224634,0.9880513168177344,-6.752251359776796,miscanthus_sinensis_15wks vs miscanthus_sinensis_6wks,FALSE
3560,0.04500682000515255,18.711036844853236,0.0722271453037187,0.9428532246654338,0.9880513168177344,-6.75229079643351,miscanthus_sinensis_15wks vs miscanthus_sinensis_6wks,FALSE
6094,-0.04932962545719377,22.285543561198796,-0.07053530397200344,0.944189512686445,0.9883498239702209,-6.7524135147355375,miscanthus_sinensis_15wks vs miscanthus_sinensis_6wks,FALSE
5318,0.026537906574123582,20.52268258009687,0.06654046142245605,0.9473454534238268,0.9889956210902395,-6.752691743019332,miscanthus_sinensis_15wks vs miscanthus_sinensis_6wks,FALSE
4151,0.0340854255396259,22.356809174096085,0.06496634798282902,0.9485892491908063,0.9889956210902395,-6.75279692229701,miscanthus_sinensis_15wks vs miscanthus_sinensis_6wks,FALSE
2233,-0.048273615690025196,20.8996661977355,-0.06464911193645455,0.9488399312380547,0.9889956210902395,-6.752817814627595,miscanthus_sinensis_15wks vs miscanthus_sinensis_6wks,FALSE
808,0.03187363987167302,21.661888787018626,0.06363460458565218,0.9496416371525944,0.9889956210902395,-6.752883941109593,miscanthus_sinensis_15wks vs miscanthus_sinensis_6wks,FALSE
4175,-0.0460055772140997,20.978286952134933,-0.062254761229135036,0.9507321321710511,0.9889956210902395,-6.752972202248456,miscanthus_sinensis_15wks vs miscanthus_sinensis_6wks,FALSE
183,-0.02273450005696276,25.0196525386884,-0.06176502839292212,0.9511191930484857,0.9889956210902395,-6.7530030627128905,miscanthus_sinensis_15wks vs miscanthus_sinensis_6wks,FALSE
2054,0.03676864822309156,20.025341560916566,0.05846517689968272,0.9537275438599874,0.989182518234467,-6.7532046500508285,miscanthus_sinensis_15wks vs miscanthus_sinensis_6wks,FALSE
214,-0.01879732784549404,26.381275221895336,-0.05801936214184144,0.954079976253654,0.989182518234467,-6.753231036500334,miscanthus_sinensis_15wks vs miscanthus_sinensis_6wks,FALSE
1203,0.01177065089395768,20.93702919070654,0.056847794927620716,0.9550061863007481,0.989182518234467,-6.753299415468757,miscanthus_sinensis_15wks vs miscanthus_sinensis_6wks,FALSE
2570,-0.05534590187031796,22.12808192940048,-0.056212804281098164,0.9555082197413787,0.989182518234467,-6.753335894175826,miscanthus_sinensis_15wks vs miscanthus_sinensis_6wks,FALSE
4876,-0.02642505784421445,18.376505852881735,-0.05455350623204588,0.9568201730811102,0.9894510040662745,-6.7534292829354925,miscanthus_sinensis_15wks vs miscanthus_sinensis_6wks,FALSE
324,-0.03594286322286422,18.686347548997798,-0.05199594544677195,0.9588425919944942,0.990291200864418,-6.753567748797271,miscanthus_sinensis_15wks vs miscanthus_sinensis_6wks,FALSE
1436,0.029942812665261442,19.401246137783733,0.049829754550488804,0.9605557481449127,0.990291200864418,-6.7536798274542065,miscanthus_sinensis_15wks vs miscanthus_sinensis_6wks,FALSE
5706,0.028872026453242938,19.0027861883045,0.04803815520744,0.9619727986720923,0.990291200864418,-6.7537689223061985,miscanthus_sinensis_15wks vs miscanthus_sinensis_6wks,FALSE
4775,0.031331385975349235,18.869165726672414,0.04571412992089045,0.9638111535212017,0.990291200864418,-6.753879634820202,miscanthus_sinensis_15wks vs miscanthus_sinensis_6wks,FALSE
311,0.03603290386343616,19.692345401254546,0.043810202983495465,0.9653173517546845,0.990291200864418,-6.753966244800395,miscanthus_sinensis_15wks vs miscanthus_sinensis_6wks,FALSE
2309,0.019417389098002502,23.785403049173777,0.04205115085067322,0.9667090545419996,0.990291200864418,-6.7540429906916994,miscanthus_sinensis_15wks vs miscanthus_sinensis_6wks,FALSE
2199,-0.022738306039389755,22.872633347518384,-0.04183268220574117,0.9668819070665119,0.990291200864418,-6.754052302782296,miscanthus_sinensis_15wks vs miscanthus_sinensis_6wks,FALSE
5862,0.03429110683838843,18.914390760303405,0.041414069081560714,0.9672131185630777,0.990291200864418,-6.754070010406473,miscanthus_sinensis_15wks vs miscanthus_sinensis_6wks,FALSE
85,-0.013831955971802756,17.628136629257586,-0.040564688654833904,0.9678851761928363,0.990291200864418,-6.754105392573955,miscanthus_sinensis_15wks vs miscanthus_sinensis_6wks,FALSE
4043,0.025489221851362487,22.68006177093837,0.039935492808086365,0.968383031972325,0.990291200864418,-6.754131129955063,miscanthus_sinensis_15wks vs miscanthus_sinensis_6wks,FALSE
5829,0.011226914772574759,17.210720723423602,0.03887627428510799,0.9692211753141111,0.990291200864418,-6.75417354883191,miscanthus_sinensis_15wks vs miscanthus_sinensis_6wks,FALSE
116,0.01651235646329141,22.24372780547195,0.03703840478980205,0.9706755369971527,0.9907003309200039,-6.754244445273292,miscanthus_sinensis_15wks vs miscanthus_sinensis_6wks,FALSE
5310,-0.010087625295188474,21.476161348128443,-0.03468203944785912,0.9725403486046422,0.9915270365383555,-6.754330321240692,miscanthus_sinensis_15wks vs miscanthus_sinensis_6wks,FALSE
4227,-0.015747979053923444,20.49725001401946,-0.030973410189825887,0.9754756465626022,0.9933816423310893,-6.754454050658904,miscanthus_sinensis_15wks vs miscanthus_sinensis_6wks,FALSE
4946,0.01084159728049272,18.01824781200131,0.029713373757997305,0.9764730186318367,0.9933816423310893,-6.754492907555357,miscanthus_sinensis_15wks vs miscanthus_sinensis_6wks,FALSE
46,-0.005559464133416014,25.53521636635375,-0.025885092887751114,0.9795034938344209,0.9946451037236719,-6.754601065743659,miscanthus_sinensis_15wks vs miscanthus_sinensis_6wks,FALSE
461,-0.016825386263807474,18.7392411937048,-0.025471087808676608,0.9798312404767235,0.9946451037236719,-6.7546118699465385,miscanthus_sinensis_15wks vs miscanthus_sinensis_6wks,FALSE
479,0.012847419503493995,18.60369184395395,0.02326799892104115,0.9815753717221031,0.9952847238332388,-6.754666433745544,miscanthus_sinensis_15wks vs miscanthus_sinensis_6wks,FALSE
4120,-0.016755203923562334,19.82787519776944,-0.020778110513718775,0.983546665488563,0.9952847238332388,-6.754722163106643,miscanthus_sinensis_15wks vs miscanthus_sinensis_6wks,FALSE
1537,-0.010143529611706725,21.070880030509123,-0.01936871538159319,0.9846625587832911,0.9952847238332388,-6.754750916010209,miscanthus_sinensis_15wks vs miscanthus_sinensis_6wks,FALSE
6064,0.013525811260088005,19.848037725144156,0.01932573585253361,0.9846965884733108,0.9952847238332388,-6.7547517611108985,miscanthus_sinensis_15wks vs miscanthus_sinensis_6wks,FALSE
2495,0.01278198092862226,20.6295640790168,0.014444809848896182,0.9885613088057991,0.9954367414800636,-6.754835521659524,miscanthus_sinensis_15wks vs miscanthus_sinensis_6wks,FALSE
1689,0.00996437588443655,18.98846759018945,0.013490119952889111,0.9893172686667622,0.9954367414800636,-6.754849073877773,miscanthus_sinensis_15wks vs miscanthus_sinensis_6wks,FALSE
402,-0.00998668831789118,20.211646154765457,-0.013276068149164459,0.9894867644479902,0.9954367414800636,-6.754851985306132,miscanthus_sinensis_15wks vs miscanthus_sinensis_6wks,FALSE
4360,-0.006121461823489938,20.03345163624664,-0.013023393912206041,0.9896868438352258,0.9954367414800636,-6.754855362131489,miscanthus_sinensis_15wks vs miscanthus_sinensis_6wks,FALSE
1818,-0.002932918683672625,18.68944214170436,-0.011555027369949757,0.9908495787755878,0.9954367414800636,-6.754873701717116,miscanthus_sinensis_15wks vs miscanthus_sinensis_6wks,FALSE
440,0.0021120941841807905,21.407744382584255,0.011111439726692044,0.9912008404524888,0.9954367414800636,-6.754878811055116,miscanthus_sinensis_15wks vs miscanthus_sinensis_6wks,FALSE
4119,-0.004237780735515173,19.908108199242548,-0.00804678813928806,0.9936276766926875,0.9968089819542437,-6.754908646894203,miscanthus_sinensis_15wks vs miscanthus_sinensis_6wks,FALSE
1564,0.004743220821680438,23.13797277094291,0.006316913560083125,0.994997558464795,0.9971190884401996,-6.754921273405167,miscanthus_sinensis_15wks vs miscanthus_sinensis_6wks,FALSE
4003,-8.920182428013845e-4,18.386280002186286,-0.0016004512039889671,0.9987325748839664,0.9987409761749546,-6.754940249192461,miscanthus_sinensis_15wks vs miscanthus_sinensis_6wks,FALSE
5287,-0.0011596465795875588,19.12832458223102,-0.0015898423973502434,0.9987409761749546,0.9987409761749546,-6.754940266391341,miscanthus_sinensis_15wks vs miscanthus_sinensis_6wks,FALSE
